start   012  2010      06    07    12    0007
   280.00   43.00    992.89   13.4    424.66     74.63     36.90    -78.60     -9.65   2010  06  07  12
   283.00   43.00    992.16   12.4    243.96     90.00     37.88    -75.53     -4.97   2010  06  07  18
   285.00   43.00    993.04   11.9    162.65     90.00     36.27    -78.12     -0.43   2010  06  08  00
   290.00   43.00    993.01   14.1    406.57     90.00     35.46    -74.17      2.35   2010  06  08  06
   292.00   43.00    994.07   16.3    162.65     90.00     31.48    -49.13     -3.94   2010  06  08  12
   294.00   44.00    994.94   18.4    195.92     55.08     26.66    -27.49     -7.72   2010  06  08  18
   300.00   45.00    995.59   17.0    488.57     76.66     21.30    -23.05    -15.11   2010  06  09  00
   302.00   46.00    995.25   15.4    191.47     54.13     18.40    -13.06    -24.36   2010  06  09  06
   305.00   46.00    994.55   16.0    231.72     90.00     15.75     -8.56    -26.32   2010  06  09  12
   307.00   46.00    993.67   16.4    154.49     90.00     14.52    -17.11    -15.23   2010  06  09  18
   309.00   46.00    994.21   16.4    154.49     90.00     14.62    -29.11     -7.55   2010  06  10  00
   311.00   46.00    994.93   14.4    154.49     90.00     14.93    -29.04     -6.76   2010  06  10  06
start   029  2010      09    15    18    0013
   272.00   25.00    997.71   19.2    100.78    270.00      2.34     24.08     44.25   2010  09  15  18
   273.00   26.00    995.68   19.2    149.79     41.86      2.10     24.80     41.88   2010  09  16  00
   273.00   27.00    994.88   20.5    111.20      0.00      1.41     37.88     52.53   2010  09  16  06
   273.00   28.00    993.54   25.2    111.20      0.00      2.12     67.85     66.78   2010  09  16  12
   273.00   29.00    991.46   29.6    111.20      0.00      1.42     75.34     77.81   2010  09  16  18
   273.00   30.00    991.35   23.8    111.20      0.00      0.89     78.50     83.62   2010  09  17  00
   273.00   31.00    995.04   22.6    111.20      0.00      1.61     81.29     89.46   2010  09  17  06
   273.00   33.00    992.78   18.8    222.40      0.00      1.19     71.30     85.02   2010  09  17  12
   274.00   34.00    993.98   18.9    144.79     39.55      0.39     60.61     82.80   2010  09  17  18
   275.00   35.00    991.81   18.1    144.09     39.21     -0.01     62.99     91.62   2010  09  18  00
   276.00   36.00    996.64   19.8    143.39     38.86      0.15     70.92     86.51   2010  09  18  06
   278.00   36.00   1001.35   19.7    179.92     90.00      0.17     83.18     90.81   2010  09  18  12
   280.00   37.00    998.08   17.4    210.53     57.84      0.06     99.29     88.68   2010  09  18  18
   282.00   37.00    996.69   23.9    177.61     90.00      0.83    108.73     79.47   2010  09  19  00
   284.00   38.00    993.17   30.5    208.55     57.49      2.62    108.27     72.85   2010  09  19  06
   285.00   39.00    991.87   27.2    141.20     37.74      4.04    106.49     87.52   2010  09  19  12
   287.00   40.00    986.96   22.6    204.48     56.75      4.05     94.35     91.73   2010  09  19  18
   288.00   40.00    989.12   24.1     85.18     90.00      5.32     76.01    108.21   2010  09  20  00
   289.00   40.00    990.07   21.7     85.18     90.00      6.00     59.71    126.41   2010  09  20  06
   289.00   40.00    993.13   19.9      0.00      0.00      5.12     50.12    136.61   2010  09  20  12
   290.00   40.00    992.97   18.3     85.18     90.00      3.66     36.78    134.66   2010  09  20  18
   291.00   40.00    996.65   19.5     85.18     90.00      3.58     32.44    130.31   2010  09  21  00
   292.00   41.00    998.14   19.4    139.69     36.93      3.16     25.49    110.56   2010  09  21  06
   293.00   41.00    998.63   19.0     83.92     90.00      3.54     24.04     75.66   2010  09  21  12
   295.00   42.00    999.55   19.2    200.26     55.95      5.88     12.68     21.93   2010  09  21  18
   297.00   43.00   1000.50   17.1    198.11     55.52     13.47    -13.69    -46.78   2010  09  22  00
   297.00   43.00   1000.50   22.2      0.00      0.00     25.33    -64.18   -112.24   2010  09  22  06
   300.00   45.00    999.89   20.5    327.13     46.44     32.27    -88.16   -163.44   2010  09  22  12
   303.00   47.00    998.51   22.0    321.14     45.40     33.94    -96.79   -177.82   2010  09  22  18
start   030  2010      09    25    12    0014
   270.00   20.00    996.20   18.2      0.00      0.00     10.92    104.18     77.38   2010  09  25  12
   269.00   20.00    994.22   21.0    104.49    270.00     11.31    109.68     78.58   2010  09  25  18
   269.00   20.00    992.34   22.0      0.00      0.00      9.66    131.87     91.65   2010  09  26  00
   269.00   20.00    991.18   24.4      0.00      0.00     14.50    153.87    100.84   2010  09  26  06
   270.00   20.00    988.50   26.2    104.49     90.00     16.60    166.03    101.07   2010  09  26  12
   270.00   20.00    989.27   19.7      0.00      0.00     16.87    169.28     88.84   2010  09  26  18
   271.00   21.00    991.24   19.0    152.36     42.95     17.18    166.17     73.07   2010  09  27  00
   271.00   21.00    991.87   17.0      0.00      0.00     24.81    153.05     51.08   2010  09  27  06
   271.00   21.00    993.19   16.3      0.00      0.00     15.28    139.82     32.07   2010  09  27  12
   271.00   21.00    995.21   15.3      0.00      0.00     16.72    136.20     21.31   2010  09  27  18
   272.00   21.00    995.40   14.2    103.81     90.00      8.93    131.89      5.36   2010  09  28  00
   272.00   21.00    996.24   16.6      0.00      0.00      5.12    123.96      7.97   2010  09  28  06
   272.00   20.00    996.49   19.5    111.20    180.00     -3.30    117.49      3.32   2010  09  28  12
   273.00   21.00    997.60   16.7    152.36     42.95     -5.08    123.75      1.67   2010  09  28  18
   273.00   20.00    999.52   18.4    111.20    180.00     -9.71    118.78     -1.19   2010  09  29  00
   274.00   20.00   1000.65   18.3    104.49     90.00     -6.01    110.68     10.20   2010  09  29  06
   275.00   21.00   1000.65   15.5    152.36     42.95     -6.38    106.41      6.54   2010  09  29  12
   275.00   21.00   1001.43   17.2      0.00      0.00     -0.97    105.22      7.64   2010  09  29  18
   275.00   21.00    999.35   18.4      0.00      0.00      4.73     94.12     11.33   2010  09  30  00
   274.00   21.00    998.04   19.7    103.81    270.00      8.57     91.91     14.90   2010  09  30  06
   274.00   21.00    995.30   22.0      0.00      0.00      7.86     95.62     17.37   2010  09  30  12
   273.00   22.00    995.99   21.7    151.88    317.25      7.50     98.17     27.68   2010  09  30  18
   271.00   22.00    992.77   22.5    206.20    270.00      5.60     92.50     33.32   2010  10  01  00
   270.00   22.00    988.40   26.5    103.10    270.00      4.59     94.39     37.52   2010  10  01  06
   268.00   22.00    985.26   32.3    206.20    270.00      3.63     96.35     48.36   2010  10  01  12
   267.00   22.00    991.35   27.3    103.10    270.00      4.00    134.73     92.36   2010  10  01  18
   266.00   23.00    985.12   27.2    151.39    317.46      6.54    148.27     99.33   2010  10  02  00
   265.00   23.00    988.69   32.1    102.36    270.00      6.98    172.48    114.01   2010  10  02  06
   263.00   24.00    986.93   26.7    232.29    298.77      9.43    192.18    123.27   2010  10  02  12
   262.00   24.00    991.46   25.3    101.58    270.00      8.63    230.43    155.13   2010  10  02  18
start   032  2010      10    10    00    0015
   282.00   26.00   1000.53   17.1    149.79     41.85     -3.47     42.16     43.34   2010  10  10  00
   282.00   27.00   1000.23   18.0    111.20      0.00     -5.40     41.44     45.17   2010  10  10  06
   283.00   27.00    996.89   18.5     99.08     90.00     -5.45     65.51     45.47   2010  10  10  12
   283.00   28.00    995.07   16.6    111.20      0.00     -6.49     86.81     48.12   2010  10  10  18
   283.00   29.00    992.88   25.8    111.20      0.00    -13.05    122.99     50.81   2010  10  11  00
   283.00   29.00    992.66   30.1      0.00      0.00    -11.16    163.56     59.16   2010  10  11  06
   282.00   29.00    991.36   30.9     97.26    270.00    -14.81    203.18     84.87   2010  10  11  12
   282.00   29.00    988.53   31.6      0.00      0.00    -18.05    222.86    128.59   2010  10  11  18
   281.00   29.00    978.64   36.0     97.26    270.00    -18.51    229.12    173.43   2010  10  12  00
   280.00   29.00    985.33   33.3     97.26    270.00    -11.69    201.07    191.26   2010  10  12  06
   279.00   29.00    980.96   34.0     97.26    270.00    -14.45    160.17    201.90   2010  10  12  12
   278.00   29.00    985.77   22.1     97.26    270.00     -8.80    121.83    188.65   2010  10  12  18
   277.00   30.00    993.64   21.2    147.42    319.21     -4.28     87.54    159.74   2010  10  13  00
   275.00   30.00    996.26   20.8    192.60    270.00     -3.95     66.74    126.16   2010  10  13  06
   272.00   29.00    999.62   19.9    310.90    249.20     -5.61     70.55    124.18   2010  10  13  12
   271.00   29.00    998.02   19.8     97.26    270.00     -5.40     74.49    113.98   2010  10  13  18
   270.00   29.00    998.80   19.2     97.26    270.00     -4.32     87.15    106.24   2010  10  14  00
   269.00   28.00    998.71   20.3    148.04    221.55     -6.65    103.75     99.91   2010  10  14  06
   269.00   28.00    996.29   24.8      0.00      0.00     -7.40    122.35     93.91   2010  10  14  12
   268.00   28.00    993.72   29.1     98.18    270.00     -2.35    140.07     98.61   2010  10  14  18
   267.00   28.00    992.01   28.2     98.18    270.00     -1.96    162.60    123.64   2010  10  15  00
   267.00   28.00    985.72   31.6      0.00      0.00     -2.48    184.29    161.00   2010  10  15  06
   266.00   28.00    982.53   31.7     98.18    270.00     -2.47    193.11    186.07   2010  10  15  12
   264.00   28.00    981.76   38.3    196.36    270.00      2.16    218.23    230.44   2010  10  15  18
   263.00   27.00    979.11   31.0    148.64    221.81     -1.87    220.51    235.18   2010  10  16  00
   262.00   27.00    979.64   29.4     99.08    270.00     -2.27    213.99    220.57   2010  10  16  06
   262.00   26.00    985.20   24.3    111.20    180.00      0.03    197.13    196.38   2010  10  16  12
   261.00   26.00    989.16   21.5     99.94    270.00      1.03    178.57    172.00   2010  10  16  18
   261.00   26.00    994.03   18.5      0.00      0.00      4.00    134.89    114.44   2010  10  17  00
   260.00   26.00   1004.48   14.2     99.94    270.00      5.08    112.30     73.73   2010  10  17  06
   260.00   26.00   1004.48   13.4      0.00      0.00     11.52     97.71     44.50   2010  10  17  12
   261.00   25.00   1012.38   10.8    149.79    137.71      7.84     89.24     29.17   2010  10  17  18
start   038  2010      10    16    06    0017
   288.00   15.00    999.22   18.9    107.41     90.00    -10.70    110.12     84.39   2010  10  16  06
   288.00   16.00    996.77   20.3    111.20      0.00    -11.12    106.41     82.58   2010  10  16  12
   288.00   16.00    993.06   22.6      0.00      0.00    -10.72    108.05     90.47   2010  10  16  18
   288.00   16.00    990.95   24.9      0.00      0.00    -10.34     90.71     95.89   2010  10  17  00
   289.00   17.00    988.33   30.6    154.05     43.65    -11.48     96.17    104.43   2010  10  17  06
   288.00   18.00    985.67   31.1    153.66    316.51     -9.81    100.22    107.93   2010  10  17  12
   288.00   19.00    987.42   29.0    111.20      0.00     -9.82    119.80    123.33   2010  10  17  18
   287.00   19.00    979.59   33.8    105.14    270.00     -9.80    136.67    131.33   2010  10  18  00
   287.00   20.00    982.24   40.5    111.20      0.00    -10.08    160.23    156.39   2010  10  18  06
   286.00   20.00    964.47   38.7    104.49    270.00     -7.41    174.74    164.68   2010  10  18  12
   285.00   20.00    955.91   33.9    104.49    270.00     -6.78    183.52    184.41   2010  10  18  18
   285.00   20.00    963.89   38.4      0.00      0.00     -2.67    180.11    185.33   2010  10  19  00
   284.00   20.00    970.19   39.2    104.49    270.00      0.51    186.38    200.61   2010  10  19  06
   284.00   21.00    952.38   50.3    111.20      0.00      3.86    191.59    209.54   2010  10  19  12
   284.00   22.00    941.84   47.7    111.20      0.00      6.18    193.24    237.70   2010  10  19  18
   284.00   23.00    945.41   51.7    111.20      0.00      6.31    211.53    254.29   2010  10  20  00
   283.00   23.00    952.66   51.9    102.36    270.00      2.71    232.10    292.68   2010  10  20  06
   283.00   24.00    924.31   49.7    111.20      0.00     -1.36    239.31    299.02   2010  10  20  12
   283.00   25.00    946.36   57.0    111.20      0.00     -5.81    244.67    310.94   2010  10  20  18
   282.00   25.00    925.87   52.4    100.78    270.00     -9.96    257.56    324.47   2010  10  21  00
   281.00   26.00    937.87   48.3    149.79    318.15    -10.78    242.27    315.41   2010  10  21  06
   281.00   26.00    938.48   47.1      0.00      0.00     -8.82    232.78    294.00   2010  10  21  12
   280.00   26.00    949.31   44.5     99.94    270.00     -7.10    208.35    284.89   2010  10  21  18
   279.00   27.00    947.44   41.5    149.22    318.40     -6.89    190.10    267.91   2010  10  22  00
   279.00   27.00    961.11   36.2      0.00      0.00     -4.09    161.47    227.00   2010  10  22  06
   278.00   28.00    958.72   33.1    148.64    318.66     -2.50    164.53    210.03   2010  10  22  12
   278.00   28.00    966.13   30.1      0.00      0.00     -2.06    145.78    183.41   2010  10  22  18
   278.00   29.00    969.38   33.6    111.20      0.00      0.75    130.74    159.44   2010  10  23  00
   278.00   29.00    972.05   29.1      0.00      0.00      4.37    113.04    132.71   2010  10  23  06
   278.00   29.00    975.90   24.6      0.00      0.00      1.74    109.18    107.21   2010  10  23  12
   278.00   30.00    979.41   21.4    111.20      0.00      3.83     89.87     77.68   2010  10  23  18
   277.00   30.00    982.05   18.9     96.30    270.00      7.17     76.16     53.13   2010  10  24  00
   277.00   31.00    985.96   18.6    111.20      0.00      7.32     63.16     26.53   2010  10  24  06
   278.00   32.00    990.57   16.6    146.13     40.19     10.93     37.18    -12.23   2010  10  24  12
   278.00   32.00    990.57   24.3      0.00      0.00     17.67      0.34    -47.19   2010  10  24  18
   280.00   33.00    991.82   23.1    218.05     59.10     20.22    -19.86    -95.01   2010  10  25  00
   282.00   34.00    992.83   25.2    216.23     58.80     20.95    -46.10   -123.15   2010  10  25  06
   284.00   36.00    992.62   25.4    287.47     38.75     23.46    -53.18   -135.42   2010  10  25  12
start   011  2010      10    31    06    0019
   275.00   15.00   1007.10   12.3    111.20      0.00      5.61    108.66     11.16   2010  10  31  06
   275.00   15.00   1007.45   14.5      0.00      0.00      5.40    111.02      3.40   2010  10  31  12
   275.00   16.00   1004.44   17.4    111.20      0.00      3.61    115.78     -3.21   2010  10  31  18
   275.00   17.00   1005.49   19.1    111.20      0.00      1.58    133.26     -5.99   2010  11  01  00
   275.00   18.00   1002.02   19.2    111.20      0.00      1.93    141.95     -8.54   2010  11  01  06
   275.00   19.00   1003.38   22.9    111.20      0.00      1.88    172.67     -5.72   2010  11  01  12
   276.00   20.00   1002.23   18.1    152.81     43.14      6.83    179.88     -6.83   2010  11  01  18
   277.00   22.00    999.96   21.2    245.43     24.75      5.72    183.32     -7.28   2010  11  02  00
   278.00   22.00    996.14   21.0    103.10     90.00     10.08    178.29     -3.13   2010  11  02  06
   278.00   22.00    996.07   21.4      0.00      0.00      6.84    177.80     -7.64   2010  11  02  12
   281.00   23.00    996.94   29.0    327.64     70.03     11.62    156.66    -19.32   2010  11  02  18
start   054  2011      05    18    00    0035
   279.00   27.00    986.41   26.8     99.08    270.00     -6.17    269.58     80.12   2011  05  18  00
   279.00   27.00    979.75   28.0      0.00      0.00     -6.75    257.59     88.96   2011  05  18  06
   279.00   27.00    980.08   24.8      0.00      0.00    -12.01    251.73     98.38   2011  05  18  12
   279.00   27.00    985.05   25.7      0.00      0.00     -7.11    235.91    104.36   2011  05  18  18
   278.00   28.00    977.28   36.3    148.64    318.66     -8.66    217.60    116.47   2011  05  19  00
   278.00   27.00    978.34   35.6    111.20    180.00     -9.72    228.93    118.66   2011  05  19  06
   278.00   28.00    980.32   31.2    111.20      0.00     -9.34    234.56    115.44   2011  05  19  12
   278.00   28.00    979.23   33.9      0.00      0.00     -6.69    222.80    111.21   2011  05  19  18
   278.00   28.00    978.21   31.0      0.00      0.00    -14.22    230.52     93.32   2011  05  20  00
   278.00   29.00    980.53   34.4    111.20      0.00    -13.48    218.21     77.34   2011  05  20  06
   277.00   29.00    984.68   23.5     97.26    270.00    -15.63    195.12     69.39   2011  05  20  12
   276.00   30.00    988.06   24.4    147.42    319.21    -15.65    184.69     62.79   2011  05  20  18
   275.00   30.00    988.65   22.9     96.30    270.00    -11.73    165.53     66.28   2011  05  21  00
   273.00   30.00    990.68   19.9    192.60    270.00     -5.56    134.59     81.97   2011  05  21  06
   271.00   30.00    990.06   20.3    192.60    270.00     -4.29    113.47     84.99   2011  05  21  12
   271.00   29.00    988.21   17.4    111.20    180.00     -1.32     95.72     90.15   2011  05  21  18
   271.00   29.00    988.46   17.2      0.00      0.00     -1.66     78.13     95.33   2011  05  22  00
   271.00   29.00    989.22   16.0      0.00      0.00     -4.23     70.34     87.91   2011  05  22  06
   270.00   29.00    990.03   16.4     97.26    270.00     -5.91     72.65     89.69   2011  05  22  12
   269.00   29.00    989.54   19.1     97.26    270.00     -5.69     72.73     96.08   2011  05  22  18
   268.00   29.00    990.07   17.9     97.26    270.00     -4.66     67.33    103.49   2011  05  23  00
   268.00   29.00    987.95   18.2      0.00      0.00     -3.56     71.34    108.14   2011  05  23  06
   268.00   29.00    987.90   18.8      0.00      0.00     -1.93     63.09    110.24   2011  05  23  12
   268.00   30.00    989.66   17.4    111.20      0.00      0.84     62.33    108.82   2011  05  23  18
   268.00   30.00    988.02   17.5      0.00      0.00      2.49     67.78     98.82   2011  05  24  00
   268.00   30.00    989.73   17.5      0.00      0.00      5.20     68.19     89.76   2011  05  24  06
   269.00   31.00    990.28   17.1    146.78     40.50      7.62     58.97     79.29   2011  05  24  12
   270.00   31.00    989.09   21.3     95.32     90.00     10.52     57.08     60.83   2011  05  24  18
   271.00   31.00    987.24   22.7     95.32     90.00     12.83     58.42     35.95   2011  05  25  00
   273.00   32.00    987.70   14.3    219.82     59.38     14.24     50.67     10.71   2011  05  25  06
   273.00   32.00    987.70   31.2      0.00      0.00     18.07     40.46    -28.96   2011  05  25  12
   275.00   32.00    988.79   25.7    188.60     90.00     22.56     34.55    -68.63   2011  05  25  18
   278.00   34.00    988.21   26.1    357.37     50.97     26.07     29.94    -88.82   2011  05  26  00
   281.00   36.00    987.43   31.1    352.29     50.28     31.28     18.73    -87.34   2011  05  26  06
   284.00   38.00    984.92   29.0    347.01     49.53     37.63     20.56    -71.43   2011  05  26  12
   286.00   39.00    983.58   30.0    206.53     57.13     38.59     16.70    -39.98   2011  05  26  18
   288.00   40.00    983.27   34.1    204.48     56.75     41.74     18.45    -28.26   2011  05  27  00
   290.00   40.00    985.44   34.0    170.36     90.00     40.66     18.50    -31.81   2011  05  27  06
   292.00   41.00    989.68   29.3    202.39     56.36     41.08     16.00    -55.89   2011  05  27  12
   294.00   40.00    993.98   26.9    202.39    123.02     41.65     -4.81    -93.29   2011  05  27  18
   296.00   40.00    997.17   28.1    170.36     90.00     47.08    -14.26   -136.15   2011  05  28  00
   298.00   41.00    999.00   25.7    202.39     56.36     50.59    -27.40   -157.45   2011  05  28  06
   300.00   41.00    999.97   23.0    167.84     90.00     57.58    -39.19   -166.35   2011  05  28  12
   302.00   41.00   1001.33   23.3    167.84     90.00     60.38    -42.08   -168.17   2011  05  28  18
   305.00   41.00   1001.43   23.3    251.76     90.00     59.92    -34.11   -169.10   2011  05  29  00
   307.00   41.00   1001.48   23.0    167.84     90.00     54.31    -30.19   -164.60   2011  05  29  06
   308.00   41.00   1001.37   24.1     83.92     90.00     49.14    -28.40   -163.09   2011  05  29  12
   311.00   40.00   1002.64   24.0    276.95    113.43     44.26    -33.81   -162.47   2011  05  29  18
   313.00   40.00   1003.65   22.9    170.36     90.00     38.93    -46.11   -159.70   2011  05  30  00
   316.00   39.00   1005.08   20.3    280.38    113.13     35.05    -65.96   -149.77   2011  05  30  06
   318.00   38.00   1005.49   19.3    206.53    122.29     33.56    -81.30   -141.95   2011  05  30  12
   320.00   38.00   1006.94   18.1    175.25     90.00     31.50    -95.29   -142.64   2011  05  30  18
   321.00   38.00   1007.25   17.5     87.63     90.00     30.04   -103.35   -137.77   2011  05  31  00
   323.00   38.00   1007.86   23.0    175.25     90.00     29.88   -108.40   -136.70   2011  05  31  06
start   034  2011      06    15    12    0036
   278.00   29.00   1011.05   13.2      0.00      0.00      1.95     -9.39     43.02   2011  06  15  12
   277.00   29.00   1012.27   11.6     97.26    270.00      2.88     -8.01     43.40   2011  06  15  18
   274.00   28.00   1010.88   13.6    313.54    249.38      1.04    -21.54     49.73   2011  06  16  00
   273.00   27.00   1010.16   15.9    148.64    221.81      3.67    -32.22     66.53   2011  06  16  06
   273.00   27.00   1008.88   16.6      0.00      0.00      5.97    -34.89     80.15   2011  06  16  12
   272.00   27.00   1006.04   20.2     99.08    270.00      7.37    -34.10     98.59   2011  06  16  18
   271.00   27.00   1005.55   28.5     99.08    270.00      4.80    -23.30    112.65   2011  06  17  00
   270.00   26.00   1000.33   24.2    149.22    222.05      7.20      0.52    128.81   2011  06  17  06
   269.00   26.00    996.21   28.4     99.94    270.00      6.18     12.55    131.00   2011  06  17  12
   268.00   26.00    997.67   31.3     99.94    270.00      3.27     14.80    132.81   2011  06  17  18
   267.00   25.00    996.20   32.7    149.79    222.29      0.86     27.20    134.88   2011  06  18  00
   266.00   26.00    986.62   47.9    149.79    318.15      0.82     44.55    165.18   2011  06  18  06
   265.00   26.00    973.02   34.5     99.94    270.00      0.51     54.92    197.34   2011  06  18  12
   264.00   26.00    983.83   45.2     99.94    270.00     -2.09     73.01    228.24   2011  06  18  18
   263.00   26.00    985.85   44.7     99.94    270.00     -0.00     93.83    258.94   2011  06  19  00
   263.00   26.00    986.62   37.1      0.00      0.00     -2.24    108.02    278.68   2011  06  19  06
   262.00   26.00    978.85   34.8     99.94    270.00     -6.62     93.82    265.87   2011  06  19  12
   261.00   26.00    985.59   23.4     99.94    270.00     -7.32     89.84    246.21   2011  06  19  18
   261.00   26.00    991.16   20.3      0.00      0.00     -4.61     85.83    222.40   2011  06  20  00
   260.00   26.00   1003.43   15.3     99.94    270.00     -8.25     64.94    186.48   2011  06  20  06
   261.00   26.00    991.17   23.0     99.94     90.00     -4.81     50.38    148.37   2011  06  20  12
   260.00   26.00   1003.43   17.6     99.94    270.00     -2.47     48.45    112.48   2011  06  20  18
   261.00   24.00   1007.72   17.1    244.16    155.29     -0.24     42.45     74.49   2011  06  21  00
   261.00   24.00   1011.42   14.7      0.00    180.00     -2.29     36.44     51.53   2011  06  21  06
   258.00   25.00   1013.49   12.8    323.27    290.26     -4.78     31.39     45.30   2011  06  21  12
   257.00   26.00   1013.38   12.9    149.79    318.15     -0.34     40.78     47.35   2011  06  21  18
   257.00   29.00   1011.77   12.8    333.60      0.00      4.41     46.76     55.63   2011  06  22  00
   255.00   29.00   1010.36   11.2    194.51    270.00      6.96     40.60     59.34   2011  06  22  06
   255.00   29.00   1013.28    8.3      0.00    180.00     11.96     52.07     59.45   2011  06  22  12
   255.00   29.00   1013.77    9.1      0.00    180.00     20.11     74.16     53.64   2011  06  22  18
   255.00   29.00   1009.53   15.2      0.00    180.00     11.20     65.22     50.58   2011  06  23  00
   255.00   29.00   1008.51   14.1      0.00    180.00     11.02     67.33     47.30   2011  06  23  06
   257.00   29.00   1013.71   10.8    194.51     90.00      4.47     67.36     46.32   2011  06  23  12
   257.00   26.00   1013.85   10.1    333.60    180.00      3.16     61.62     42.92   2011  06  23  18
start   030  2011      06    25    00    0038
   272.00   29.00   1012.11   15.5     97.26    270.00     -6.83     32.54     70.05   2011  06  25  00
   271.00   29.00   1011.17   16.6     97.26    270.00     -5.05     30.27     69.86   2011  06  25  06
   271.00   30.00   1011.01   17.3    111.20      0.00     -3.88     34.56     65.63   2011  06  25  12
   270.00   30.00   1009.86   12.4     96.30    270.00     -2.73     53.78     57.26   2011  06  25  18
   269.00   30.00   1008.82   13.9     96.30    270.00     -3.76     65.29     55.81   2011  06  26  00
   268.00   30.00   1007.35   14.4     96.30    270.00     -1.57     67.23     53.98   2011  06  26  06
   268.00   30.00   1005.85   15.6      0.00      0.00     -3.78     77.14     66.36   2011  06  26  12
   267.00   30.00   1006.46   14.2     96.30    270.00     -6.10     73.46     71.97   2011  06  26  18
   267.00   31.00   1005.20   17.5    111.20      0.00     -6.87     71.40     93.29   2011  06  27  00
   267.00   31.00   1000.08   16.5      0.00      0.00     -6.66     59.14     97.01   2011  06  27  06
   266.00   32.00   1005.91   16.8    146.13    319.81     -7.64     59.12    116.90   2011  06  27  12
   266.00   32.00   1000.92   16.8      0.00      0.00     -7.49     55.59    115.25   2011  06  27  18
   265.00   33.00   1001.30   15.6    145.46    320.12     -6.72     63.89    135.06   2011  06  28  00
   265.00   33.00   1003.95   20.1      0.00      0.00     -9.92     54.35    138.00   2011  06  28  06
   264.00   34.00   1001.64   18.8    144.79    320.45    -14.14     57.68    145.67   2011  06  28  12
   264.00   37.00   1004.49   16.8    333.60      0.00    -19.49     66.60    128.28   2011  06  28  18
   264.00   37.00   1004.49   16.5      0.00      0.00    -23.70     78.01    115.36   2011  06  29  00
   264.00   38.00   1004.40   11.7    111.20      0.00    -21.15     90.25     76.97   2011  06  29  06
   264.00   39.00   1006.34    9.0    111.20      0.00    -15.22    115.04     34.29   2011  06  29  12
   260.00   40.00   1004.17   11.6    360.74    288.16    -10.17    141.50     -3.68   2011  06  29  18
   259.00   40.00   1000.95    9.7     85.18    270.00     -3.24    153.65    -30.99   2011  06  30  00
   259.00   40.00   1000.35   11.4      0.00      0.00     -0.50    158.58    -52.88   2011  06  30  06
   259.00   40.00   1003.01   12.7      0.00      0.00     -6.82    164.20    -60.47   2011  06  30  12
   260.00   40.00   1003.31   10.4     85.18     90.00    -11.45    169.41    -60.92   2011  06  30  18
   260.00   40.00   1000.81   10.8      0.00      0.00    -12.44    165.53    -54.58   2011  07  01  00
   260.00   40.00   1000.12   11.5      0.00      0.00    -16.03    160.95    -46.72   2011  07  01  06
   260.00   40.00   1003.26    7.8      0.00      0.00    -12.02    149.64    -51.45   2011  07  01  12
   260.00   40.00   1005.10   12.0      0.00      0.00     -5.85    140.91    -58.95   2011  07  01  18
   259.00   41.00   1002.58    7.4    139.69    323.07     -2.92    123.77    -63.38   2011  07  02  00
   259.00   41.00   1003.16    8.3      0.00      0.00     -3.93    121.49    -60.84   2011  07  02  06
start   016  2011      08    21    12    0044
   271.00   16.00   1002.13   19.0      0.00      0.00      4.40    100.88     41.45   2011  08  21  12
   271.00   16.00   1002.97   16.5      0.00      0.00      1.87     99.45     40.80   2011  08  21  18
   270.00   16.00   1001.59    9.5    106.89    270.00      2.31    101.17     40.55   2011  08  22  00
   270.00   16.00   1000.87    8.3      0.00      0.00      1.91    101.31     39.04   2011  08  22  06
   270.00   16.00   1001.47    8.6      0.00      0.00      2.13    103.22     43.55   2011  08  22  12
   270.00   17.00   1002.56   13.9    111.20      0.00      1.45     91.49     51.77   2011  08  22  18
   270.00   17.00   1000.01   13.0      0.00      0.00      4.02     91.99     62.27   2011  08  23  00
   268.00   19.00    998.06   24.1    306.91    316.74      4.51     95.90     79.94   2011  08  23  06
   266.00   20.00    995.41   22.9    237.30    298.08      6.40     98.62     91.93   2011  08  23  12
   265.00   20.00    992.41   24.2    104.49    270.00      8.60    113.00    104.79   2011  08  23  18
   265.00   21.00    990.32   29.5    111.20      0.00     11.00    131.24    119.30   2011  08  24  00
   263.00   22.00    988.29   28.0    234.90    298.41      8.15    120.98    108.05   2011  08  24  06
   263.00   22.00    988.29   37.5      0.00      0.00      2.86    110.41     90.29   2011  08  24  12
   262.00   22.00    989.29   23.5    103.10    270.00      5.30    102.27     70.80   2011  08  24  18
   263.00   20.00    997.49   21.6    245.43    154.69     -1.47     81.05     53.09   2011  08  25  00
   263.00   20.00    999.73   24.8      0.00      0.00     -5.99     63.35     28.97   2011  08  25  06
start   058  2011      08    30    12    0046
   272.00   18.00   1002.43   13.1    153.66    316.51    -12.42    110.65     20.41   2011  08  30  12
   272.00   19.00   1002.17   15.1    111.20      0.00    -10.94    111.16     13.26   2011  08  30  18
   272.00   20.00   1000.82   17.4    111.20      0.00    -10.45    105.53     13.43   2011  08  31  00
   271.00   20.00   1000.30   19.7    104.49    270.00     -8.13    103.56     17.44   2011  08  31  06
   270.00   20.00    998.19   19.1    104.49    270.00     -8.05     97.51     29.34   2011  08  31  12
   271.00   21.00    996.17   24.2    152.36     42.95     -2.65     99.96     35.39   2011  08  31  18
   270.00   21.00    993.54   20.7    103.81    270.00      1.65    101.20     48.15   2011  09  01  00
   271.00   21.00    992.45   20.2    103.81     90.00      3.55    104.30     57.57   2011  09  01  06
   271.00   22.00    992.91   20.4    111.20      0.00      5.22     96.12     69.14   2011  09  01  12
   270.00   22.00    990.83   21.7    103.10    270.00     11.64    100.12     67.16   2011  09  01  18
   270.00   23.00    988.58   24.7    111.20      0.00     13.56    103.37     76.77   2011  09  02  00
   269.00   24.00    986.28   23.7    150.88    317.68     13.18    111.37     99.47   2011  09  02  06
   268.00   25.00    982.73   32.4    150.34    317.91     16.39    118.19    122.25   2011  09  02  12
   267.00   25.00    978.26   30.8    100.78    270.00     14.46    144.23    148.46   2011  09  02  18
   266.00   26.00    973.05   40.1    149.79    318.15     12.04    156.98    172.65   2011  09  03  00
   264.00   27.00    964.53   43.1    227.98    299.39      7.33    171.87    202.52   2011  09  03  06
   263.00   28.00    954.45   45.5    148.64    318.66      3.02    171.89    207.92   2011  09  03  12
   262.00   29.00    972.11   42.1    148.04    318.93     -1.52    163.51    201.30   2011  09  03  18
   261.00   29.00    968.27   36.3     97.26    270.00     -5.79    142.39    189.55   2011  09  04  00
   260.00   30.00    972.73   29.4    147.42    319.21     -8.45    126.55    186.42   2011  09  04  06
   259.00   31.00    984.40   26.9    146.78    319.50    -10.75    103.90    163.10   2011  09  04  12
   259.00   31.00    989.84   23.7      0.00      0.00    -11.25     94.51    149.32   2011  09  04  18
   259.00   32.00    991.64   24.4    111.20      0.00     -6.83     90.73    147.66   2011  09  05  00
   258.00   33.00    992.60   20.6    145.46    320.12     -7.27     83.82    143.78   2011  09  05  06
   259.00   33.00    991.86   20.7     93.26     90.00     -6.72     74.45    127.95   2011  09  05  12
   259.00   33.00    994.23   21.6      0.00      0.00      0.00     73.15    127.29   2011  09  05  18
   260.00   34.00    992.22   20.2    144.79     39.55      1.57     67.51    127.40   2011  09  06  00
   261.00   34.00    992.55   20.9     92.19     90.00     -1.75     65.74    126.91   2011  09  06  06
   261.00   34.00    993.81   20.4      0.00      0.00     -3.66     70.87    128.22   2011  09  06  12
   262.00   35.00    993.16   20.0    144.09     39.21     -2.51     78.96    135.69   2011  09  06  18
   262.00   35.00    990.46   22.6      0.00      0.00     -6.03     86.13    143.75   2011  09  07  00
   263.00   36.00    986.20   25.6    143.39     38.86     -7.39    100.06    155.48   2011  09  07  06
   264.00   37.00    987.96   24.4    142.67     38.50     -3.65    104.34    164.74   2011  09  07  12
   264.00   38.00    989.08   24.0    111.20      0.00      0.15    104.72    169.44   2011  09  07  18
   265.00   38.00    987.07   25.6     87.63     90.00     -0.07    102.94    172.92   2011  09  08  00
   266.00   39.00    987.06   25.5    141.20     37.74      2.45     98.29    158.16   2011  09  08  06
   267.00   40.00    988.98   22.7    140.45     37.34      8.46     81.77    130.54   2011  09  08  12
   269.00   41.00    989.04   19.5    202.39     56.36      9.86     77.72     96.16   2011  09  08  18
   271.00   42.00    988.81   22.0    200.26     55.95     15.05     74.82     63.53   2011  09  09  00
   274.00   43.00    986.95   20.5    269.90     65.40     20.92     77.39     23.91   2011  09  09  06
   277.00   44.00    985.56   20.2    266.29     65.04     20.96     61.04    -17.92   2011  09  09  12
   280.00   45.00    985.14   18.7    262.62     64.66     24.92     47.89    -54.93   2011  09  09  18
   280.00   45.00    985.14   26.3      0.00      0.00     27.45      9.76    -80.87   2011  09  10  00
   283.00   46.00    986.07   22.4    258.89     64.26     28.72    -32.06    -94.93   2011  09  10  06
   286.00   48.00    986.40   20.3    318.11     44.86     25.12    -64.98    -84.40   2011  09  10  12
   288.00   50.00    985.53   28.7    265.96     32.52     24.24    -78.24    -55.84   2011  09  10  18
   288.00   52.00    985.53   19.6    222.40      0.00     17.39    -74.14    -24.72   2011  09  11  00
   288.00   53.00    985.23   15.9    111.20      0.00      9.90    -51.14      3.56   2011  09  11  06
   287.00   54.00    985.06   16.6    129.38    329.66      4.59    -25.30     20.83   2011  09  11  12
   288.00   54.00    986.61   17.6     65.36     90.00      1.86    -21.04     22.54   2011  09  11  18
   288.00   54.00    989.54   18.3      0.00      0.00     -1.89    -21.65     12.23   2011  09  12  00
   288.00   54.00    993.09   17.5      0.00      0.00     -0.62    -43.77     -1.02   2011  09  12  06
   289.00   54.00    996.01   19.2     65.36     90.00     -1.17    -65.98    -39.99   2011  09  12  12
   290.00   53.00    997.74   19.7    129.38    148.85      1.98    -78.01    -66.18   2011  09  12  18
   298.00   52.00    999.24   17.8    552.53    101.46      1.89    -79.77   -101.33   2011  09  13  00
   298.00   52.00   1000.33   14.0      0.00      0.00      6.74    -86.61   -153.09   2011  09  13  06
   297.00   52.00   1001.15   12.2     68.46    270.00      4.67    -76.58   -176.66   2011  09  13  12
   296.00   51.00   1000.54   12.1    130.98    212.30      9.68    -67.16   -163.96   2011  09  13  18
start   037  2011      09    18    06    0047
   277.00   22.00    988.28   21.7    103.10     90.00     -7.30     65.60     78.23   2011  09  18  06
   277.00   23.00    985.69   17.2    111.20      0.00     -5.68     61.99     79.59   2011  09  18  12
   275.00   24.00    982.03   25.7    232.29    298.77     -5.43     65.27     88.56   2011  09  18  18
   275.00   23.00    975.77   24.2    111.20    180.00     -4.85     69.01    102.64   2011  09  19  00
   275.00   24.00    975.21   24.6    111.20      0.00     -3.34     69.84    119.61   2011  09  19  06
   273.00   25.00    969.83   34.8    230.91    298.97      0.44     77.56    130.47   2011  09  19  12
   273.00   25.00    968.48   29.0      0.00      0.00     -1.09     88.97    141.96   2011  09  19  18
   271.00   26.00    965.98   29.1    229.47    299.17      2.25     92.49    150.44   2011  09  20  00
   271.00   27.00    964.50   29.0    111.20      0.00      1.75     99.39    159.84   2011  09  20  06
   270.00   27.00    963.04   29.4     99.08    270.00      2.35    101.61    153.19   2011  09  20  12
   269.00   28.00    962.92   33.5    148.64    318.66      1.65    103.20    152.32   2011  09  20  18
   269.00   28.00    962.85   28.9      0.00      0.00      4.22     93.25    142.56   2011  09  21  00
   268.00   29.00    964.18   28.4    148.04    318.93      1.30     91.30    133.21   2011  09  21  06
   268.00   29.00    965.00   27.9      0.00      0.00     -0.32     81.63    116.64   2011  09  21  12
   268.00   30.00    969.04   22.8    111.20      0.00     -1.48     82.12    108.85   2011  09  21  18
   267.00   30.00    972.39   18.9     96.30    270.00     -1.64     74.44     95.27   2011  09  22  00
   266.00   30.00    976.18   18.3     96.30    270.00     -1.49     76.58     89.34   2011  09  22  06
   266.00   30.00    979.52   15.6      0.00      0.00     -0.71     85.89     81.89   2011  09  22  12
   266.00   31.00    983.22   14.1    111.20      0.00     -0.66     98.44     79.44   2011  09  22  18
   265.00   32.00    986.56   17.9    146.13    319.81      1.00    100.48     68.76   2011  09  23  00
   264.00   32.00    989.71   16.5     94.30    270.00      0.51    100.30     62.40   2011  09  23  06
   264.00   32.00    992.72   18.4      0.00      0.00     -1.78    100.93     51.70   2011  09  23  12
   264.00   32.00    995.99   17.0      0.00      0.00     -0.78     81.24     42.27   2011  09  23  18
   263.00   32.00    998.18   16.3     94.30    270.00     -0.03     62.37     33.72   2011  09  24  00
   263.00   31.00   1000.07   15.0    111.20    180.00     -1.30     46.58     32.79   2011  09  24  06
   263.00   31.00   1001.94   13.1      0.00      0.00     -2.17     28.17     30.60   2011  09  24  12
   263.00   30.00   1003.39   11.6    111.20    180.00      0.77     15.58     33.59   2011  09  24  18
   263.00   29.00   1002.78    7.5    111.20    180.00      0.08     16.53     21.53   2011  09  25  00
   265.00   30.00   1003.82    6.1    223.23     59.91      1.39     26.12      2.77   2011  09  25  06
   265.00   33.00   1003.54    7.9    333.60      0.00      6.55     35.61    -17.68   2011  09  25  12
   265.00   34.00   1004.07   12.9    111.20      0.00     13.04     47.48    -44.12   2011  09  25  18
   267.00   34.00   1002.80   12.0    184.37     90.00     20.82     57.51    -91.26   2011  09  26  00
   269.00   34.00   1003.03    9.2    184.37     90.00     25.03     54.40   -117.06   2011  09  26  06
   272.00   35.00   1001.55    9.9    296.55     67.77     36.41     29.67   -148.29   2011  09  26  12
   273.00   34.00    999.27   12.5    144.09    140.22     45.42     -7.55   -180.52   2011  09  26  18
   276.00   34.00    997.37   13.6    276.55     90.00     51.57    -24.80   -206.15   2011  09  27  00
   279.00   34.00    996.08   16.7    276.55     90.00     46.62    -32.17   -198.55   2011  09  27  06
start   016  2011      09    30    12    0049
   276.00   19.00   1000.50   16.2    105.14    270.00      7.97     64.14     54.55   2011  09  30  12
   275.00   19.00   1000.91   18.7    105.14    270.00      8.03     67.35     55.88   2011  09  30  18
   275.00   20.00    999.09   17.9    111.20      0.00      7.11     53.64     67.22   2011  10  01  00
   274.00   21.00    999.14   21.4    152.36    317.05      5.84     54.81     72.22   2011  10  01  06
   273.00   21.00    999.24   21.7    103.81    270.00      1.81     47.89     75.98   2011  10  01  12
   271.00   22.00    999.90   21.2    234.90    298.41      1.57     60.69     80.37   2011  10  01  18
   270.00   23.00    998.17   21.6    151.39    317.46     -0.14     68.31     84.89   2011  10  02  00
   269.00   23.00    997.13   24.2    102.36    270.00     -4.78     90.97     89.36   2011  10  02  06
   267.00   24.00    998.92   21.9    232.29    298.77     -8.02    122.77    105.76   2011  10  02  12
   266.00   24.00    994.69   24.9    101.58    270.00     -6.69    144.14    133.91   2011  10  02  18
   265.00   24.00    992.84   34.7    101.58    270.00     -7.99    175.85    176.29   2011  10  03  00
   265.00   24.00    991.97   40.7      0.00      0.00     -8.97    199.08    198.05   2011  10  03  06
   264.00   24.00    987.74   49.3    101.58    270.00    -10.34    183.97    186.75   2011  10  03  12
   263.00   24.00    966.08   42.7    101.58    270.00    -11.33    156.06    158.75   2011  10  03  18
   262.00   24.00    988.57   22.5    101.58    270.00    -15.56    135.45    131.35   2011  10  04  00
   261.00   23.00   1001.27   15.6    150.88    222.72    -16.64    124.99    112.19   2011  10  04  06
start   026  2011      10    09    06    0050
   273.00   18.00   1002.37   15.2      0.00      0.00      9.32    159.07     57.19   2011  10  09  06
   273.00   18.00    998.32   17.3      0.00      0.00      6.20    167.92     58.83   2011  10  09  12
   273.00   18.00    998.46   24.5      0.00      0.00      4.67    188.01     74.99   2011  10  09  18
   274.00   18.00    997.78   27.0    105.76     90.00      2.98    188.08     88.10   2011  10  10  00
   274.00   19.00    988.47   25.0    111.20      0.00      0.41    194.98    113.35   2011  10  10  06
   274.00   19.00    983.35   33.8      0.00      0.00     -2.45    194.60    124.10   2011  10  10  12
   274.00   20.00    983.18   37.2    111.20      0.00     -2.25    184.13    130.47   2011  10  10  18
   274.00   20.00    982.92   45.3      0.00      0.00     -2.47    170.33    141.41   2011  10  11  00
   274.00   21.00    972.81   41.9    111.20      0.00     -2.36    168.63    153.63   2011  10  11  06
   274.00   22.00    980.03   50.8    111.20      0.00     -2.47    152.27    138.21   2011  10  11  12
   274.00   22.00    975.22   55.4      0.00      0.00     -1.05    158.25    157.59   2011  10  11  18
   274.00   23.00    980.09   42.2    111.20      0.00      0.54    170.21    182.11   2011  10  12  00
   273.00   24.00    986.29   42.3    150.88    317.68     -0.86    175.81    185.79   2011  10  12  06
   272.00   27.00    976.25   55.4    348.36    343.60     -4.00    183.02    190.61   2011  10  12  12
   271.00   28.00    980.36   48.0    148.64    318.66     -5.52    226.54    217.38   2011  10  12  18
   270.00   28.00    972.77   33.4     98.18    270.00     -5.77    231.21    225.65   2011  10  13  00
   267.00   29.00    992.76   23.0    313.54    290.94     -4.93    219.88    201.53   2011  10  13  06
   266.00   30.00    995.31   18.3    147.42    319.21     -5.34    202.27    181.09   2011  10  13  12
   267.00   29.00    992.76   30.5    147.42    138.72     -3.50    188.07    150.76   2011  10  13  18
   266.00   30.00    995.31   22.0    147.42    319.21     -2.20    137.53    100.85   2011  10  14  00
   265.00   30.00   1003.95   18.0     96.30    270.00     -2.75    108.29     44.19   2011  10  14  06
   264.00   31.00   1007.15   14.9    146.78    319.50     -4.74     96.57      7.07   2011  10  14  12
   264.00   32.00   1010.48   12.1    111.20      0.00     -3.54     85.81    -28.10   2011  10  14  18
   264.00   33.00   1012.78    9.6    111.20      0.00     -1.52     80.71    -46.58   2011  10  15  00
   264.00   32.00   1013.97    8.2    111.20    180.00     -0.99     80.73    -58.10   2011  10  15  06
   264.00   32.00   1014.47   11.9      0.00      0.00     -1.26     86.99    -68.56   2011  10  15  12
start   015  2011      10    13    12    0051
   281.00   16.00    999.74   26.2    241.44    297.54      2.14     45.28    104.74   2011  10  13  12
   279.00   17.00    998.49   23.7    240.49    297.66      3.14     50.59    109.63   2011  10  13  18
   278.00   18.00    993.49   25.6    153.66    316.51      7.11     77.86    120.58   2011  10  14  00
   276.00   19.00    991.72   27.0    238.42    297.93      8.89    100.85    130.66   2011  10  14  06
   274.00   19.00    988.60   26.9    210.28    270.00     11.28    119.65    138.71   2011  10  14  12
   272.00   20.00    987.19   29.6    237.30    298.08     13.73    124.37    138.61   2011  10  14  18
   270.00   20.00    986.17   28.5    208.98    270.00     15.73    129.97    135.58   2011  10  15  00
   269.00   20.00    983.89   29.4    104.49    270.00     13.81    144.18    144.03   2011  10  15  06
   268.00   20.00    980.81   29.1    104.49    270.00     12.89    167.75    150.60   2011  10  15  12
   267.00   20.00    974.69   34.4    104.49    270.00     11.47    187.53    159.30   2011  10  15  18
   266.00   20.00    969.16   37.8    104.49    270.00     10.16    187.15    161.02   2011  10  16  00
   265.00   20.00    973.89   47.8    104.49    270.00      2.25    194.36    142.81   2011  10  16  06
   264.00   21.00    976.44   42.5    152.36    317.05      5.27    167.89    106.03   2011  10  16  12
   263.00   20.00    985.21   34.0    152.36    223.30     -1.23    153.39     79.47   2011  10  16  18
   263.00   20.00    997.01   22.0      0.00      0.00     -1.54    132.39     69.74   2011  10  17  00
start   082  2011      11    03    12    0052
   280.00   17.00    998.04   18.0      0.00      0.00     -0.56    118.13     44.12   2011  11  03  12
   279.00   17.00    998.56   16.5    106.34    270.00      1.11    130.87     54.36   2011  11  03  18
   278.00   17.00    996.04   20.1    106.34    270.00      5.66    154.10     67.27   2011  11  04  00
   277.00   17.00    995.44   20.8    106.34    270.00      7.54    165.04     83.30   2011  11  04  06
   277.00   18.00    987.53   29.3    111.20      0.00     11.76    187.24    109.74   2011  11  04  12
   277.00   18.00    985.65   39.0      0.00      0.00     10.81    199.31    146.92   2011  11  04  18
   277.00   19.00    976.39   49.9    111.20      0.00      8.90    201.28    176.30   2011  11  05  00
   278.00   19.00    962.36   51.8    105.14     90.00      5.53    207.84    216.69   2011  11  05  06
   279.00   19.00    954.15   50.6    105.14     90.00      4.97    194.41    219.50   2011  11  05  12
   280.00   19.00    975.65   40.4    105.14     90.00      6.76    186.73    231.64   2011  11  05  18
   282.00   20.00    963.73   42.6    237.30     61.92     12.40    176.75    225.10   2011  11  06  00
   283.00   21.00    973.29   31.8    152.36     42.95     14.75    173.92    207.30   2011  11  06  06
   285.00   22.00    977.09   46.7    234.90     61.59     15.65    165.57    181.08   2011  11  06  12
   286.00   22.00    954.28   51.8    103.10     90.00     17.16    197.01    188.24   2011  11  06  18
   287.00   22.00    975.54   49.9    103.10     90.00     13.87    219.28    203.97   2011  11  07  00
   288.00   23.00    953.81   57.1    151.39     42.54      9.01    246.48    212.72   2011  11  07  06
   289.00   23.00    943.49   49.1    102.36     90.00      7.29    248.27    200.62   2011  11  07  12
   290.00   23.00    962.94   47.3    102.36     90.00      8.43    253.80    221.31   2011  11  07  18
   290.00   23.00    964.82   46.3      0.00      0.00      4.36    253.77    233.08   2011  11  08  00
   291.00   24.00    968.80   46.0    150.88     42.32      4.10    237.71    224.72   2011  11  08  06
   291.00   24.00    940.65   48.2      0.00      0.00      3.64    215.62    232.92   2011  11  08  12
   292.00   25.00    981.96   58.5    150.34     42.10      6.82    226.09    270.48   2011  11  08  18
   292.00   25.00    963.56   46.6      0.00      0.00     11.00    220.64    260.01   2011  11  09  00
   294.00   29.00    972.62   39.5    486.91     23.36     15.68    233.90    247.28   2011  11  09  06
   295.00   30.00    977.93   42.6    147.42     40.79     14.90    233.44    254.07   2011  11  09  12
   296.00   32.00    972.82   45.4    241.96     22.83     18.09    248.70    257.64   2011  11  09  18
   296.00   32.00    964.85   43.4      0.00      0.00     15.78    219.02    234.70   2011  11  10  00
   297.00   32.00    964.92   41.9     94.30     90.00      9.48    206.98    241.02   2011  11  10  06
   298.00   32.00    964.58   47.6     94.30     90.00      4.05    166.98    245.68   2011  11  10  12
   299.00   31.00    965.04   43.9    146.13    139.29      2.06    152.69    238.01   2011  11  10  18
   299.00   30.00    970.67   46.3    111.20    180.00     -0.52    130.60    227.31   2011  11  11  00
   300.00   28.00    979.59   43.8    242.73    156.01     -1.55    134.37    242.13   2011  11  11  06
   299.00   27.00    971.93   40.4    148.64    221.81     -1.55    136.40    249.99   2011  11  11  12
   299.00   26.00    969.91   41.3    111.20    180.00     -1.36    150.87    267.02   2011  11  11  18
   298.00   26.00    963.75   43.9     99.94    270.00     -0.26    170.19    283.24   2011  11  12  00
   297.00   26.00    968.28   43.1     99.94    270.00     -3.31    186.85    286.15   2011  11  12  06
   296.00   27.00    972.96   38.7    149.22    318.39     -5.03    198.36    276.99   2011  11  12  12
   295.00   27.00    969.24   40.9     99.08    270.00     -5.28    213.91    260.83   2011  11  12  18
   294.00   27.00    975.65   44.1     99.08    270.00     -4.61    219.85    246.35   2011  11  13  00
   293.00   28.00    973.39   35.0    148.64    318.66     -5.68    213.50    222.84   2011  11  13  06
   292.00   28.00    978.72   41.4     98.18    270.00     -6.17    225.63    212.47   2011  11  13  12
   292.00   29.00    979.33   36.8    111.20      0.00     -9.12    252.18    219.39   2011  11  13  18
   292.00   29.00    984.96   40.2      0.00      0.00     -8.60    262.41    233.58   2011  11  14  00
   291.00   30.00    987.44   38.6    147.42    319.21    -10.04    268.98    249.39   2011  11  14  06
   291.00   31.00    978.28   36.3    111.20      0.00     -9.36    269.20    245.37   2011  11  14  12
   290.00   31.00    989.75   34.7     95.32    270.00     -5.23    243.48    246.42   2011  11  14  18
   290.00   30.00    992.09   33.0    111.20    180.00      0.12    209.67    233.93   2011  11  15  00
   288.00   28.00    998.86   29.2    295.45    221.66      1.52    178.86    207.67   2011  11  15  06
   287.00   27.00    996.78   31.5    148.64    221.81      3.43    163.09    173.36   2011  11  15  12
   285.00   26.00    999.73   31.9    227.98    241.00      3.87    156.41    152.50   2011  11  15  18
   283.00   25.00    999.99   25.8    229.47    241.20      3.55    145.90    126.55   2011  11  16  00
   281.00   24.00   1002.24   25.0    230.91    241.39      3.84    139.12    106.17   2011  11  16  06
   278.00   23.00   1002.13   28.2    325.50    250.15      3.40    133.36     87.60   2011  11  16  12
   276.00   23.00   1001.60   24.0    204.72    270.00      3.38    125.04     75.85   2011  11  16  18
   275.00   23.00   1000.75   22.1    102.36    270.00      5.42    118.53     64.40   2011  11  17  00
   273.00   22.00   1000.99   25.8    233.62    241.74      5.64    127.40     63.46   2011  11  17  06
   272.00   22.00    998.34   27.1    103.10    270.00      4.44    140.67     65.28   2011  11  17  12
   271.00   22.00    996.48   26.1    103.10    270.00      3.19    153.92     69.00   2011  11  17  18
   270.00   22.00    994.96   32.2    103.10    270.00      5.35    167.48     75.34   2011  11  18  00
   269.00   22.00    996.28   36.0    103.10    270.00      7.72    173.76     87.45   2011  11  18  06
   268.00   23.00    995.58   31.4    151.39    317.46      8.51    178.04    106.97   2011  11  18  12
   268.00   23.00    983.12   31.1      0.00      0.00      8.66    195.39    110.60   2011  11  18  18
   268.00   24.00    996.30   34.6    111.20      0.00      8.93    192.92    115.47   2011  11  19  00
   268.00   24.00    996.34   32.6      0.00      0.00      6.96    172.85    119.24   2011  11  19  06
   268.00   25.00    986.70   36.8    111.20      0.00      5.38    173.23    125.98   2011  11  19  12
   268.00   26.00    986.60   35.1    111.20      0.00      2.48    163.58    121.05   2011  11  19  18
   269.00   26.00    991.35   33.0     99.94     90.00      3.66    128.98    127.46   2011  11  20  00
   269.00   27.00    997.19   24.7    111.20      0.00      4.13    126.83    147.19   2011  11  20  06
   270.00   27.00    992.28   30.2     99.08     90.00      6.33    126.06    134.13   2011  11  20  12
   271.00   28.00    996.43   32.3    148.64     41.34      5.09    120.58    119.33   2011  11  20  18
   272.00   28.00    994.45   33.0     98.18     90.00      7.50    118.22    101.41   2011  11  21  00
   273.00   28.00   1001.38   28.6     98.18     90.00      4.31    115.93     79.07   2011  11  21  06
   275.00   28.00   1005.72   25.1    196.36     90.00      1.92    106.42     36.59   2011  11  21  12
   275.00   28.00   1010.84   21.6      0.00      0.00      0.12    112.82     19.29   2011  11  21  18
   274.00   29.00   1002.85   31.1    148.04    318.93     -0.82    108.53     -6.87   2011  11  22  00
   275.00   28.00   1005.72   27.2    148.04    138.45     -2.42    105.53    -30.32   2011  11  22  06
   275.00   28.00   1007.91   23.2      0.00      0.00     -2.19    112.10    -48.58   2011  11  22  12
   275.00   28.00   1010.84   25.4      0.00      0.00     -4.18    116.85    -65.09   2011  11  22  18
   275.00   29.00   1012.40   18.6    111.20      0.00     -3.25    107.82    -70.72   2011  11  23  00
   274.00   29.00   1015.80   19.8     97.26    270.00     -7.06     97.34    -77.94   2011  11  23  06
   274.00   29.00   1016.28   17.5      0.00    180.00     -5.25     94.80    -84.28   2011  11  23  12
   273.00   30.00   1019.53   11.7    147.42    319.21     -7.81     96.95    -87.52   2011  11  23  18
start   036  2012      08    06    00    0075
   311.00   20.00   1010.30   19.4    237.30    298.08     -2.46      3.49     99.14   2012  08  06  00
   309.00   21.00   1009.07   21.9    236.13    298.24     -1.95      7.17     99.67   2012  08  06  06
   307.00   21.00   1006.66   24.1    207.62    270.00     -0.37     14.22    105.33   2012  08  06  12
   305.00   22.00   1005.28   23.8    234.90    298.41      3.53     29.09    116.23   2012  08  06  18
   302.00   23.00   1002.76   25.9    327.64    289.97      5.83     49.23    135.50   2012  08  07  00
   300.00   23.00   1000.20   31.2    204.72    270.00      8.66     80.72    155.18   2012  08  07  06
   298.00   24.00    995.96   33.4    232.29    298.77      8.69     97.27    173.37   2012  08  07  12
   296.00   24.00    991.85   32.2    203.17    270.00      9.94    114.44    188.72   2012  08  07  18
   294.00   25.00    987.32   35.8    230.91    298.97      7.35    133.54    208.55   2012  08  08  00
   292.00   25.00    986.66   42.2    201.56    270.00      7.88    146.90    215.63   2012  08  08  06
   290.00   26.00    979.19   57.8    229.47    299.17      5.40    156.09    249.47   2012  08  08  12
   289.00   26.00    965.96   48.9     99.94    270.00      6.89    163.28    261.34   2012  08  08  18
   287.00   27.00    964.98   38.8    227.98    299.39      5.19    172.83    281.37   2012  08  09  00
   286.00   27.00    959.59   52.1     99.08    270.00      4.41    171.02    292.72   2012  08  09  06
   285.00   28.00    943.98   61.7    148.64    318.66      2.53    175.05    310.74   2012  08  09  12
   284.00   29.00    950.26   65.3    148.04    318.93      2.76    170.12    305.74   2012  08  09  18
   283.00   30.00    943.18   55.6    147.42    319.21      0.26    181.92    339.05   2012  08  10  00
   282.00   31.00    964.04   55.6    146.78    319.50     -0.35    189.63    361.71   2012  08  10  06
   282.00   32.00    943.89   46.2    111.20      0.00     -0.19    185.54    363.25   2012  08  10  12
   282.00   33.00    947.26   46.9    111.20      0.00     -1.47    179.39    362.27   2012  08  10  18
   282.00   34.00    963.10   58.8    111.20      0.00     -2.06    171.75    350.49   2012  08  11  00
   283.00   35.00    964.04   53.0    144.09     39.21     -0.35    170.45    335.43   2012  08  11  06
   284.00   36.00    965.20   51.0    143.39     38.86      1.56    163.05    324.13   2012  08  11  12
   285.00   37.00    967.81   50.1    142.67     38.50      5.11    170.27    332.72   2012  08  11  18
   288.00   39.00    972.19   54.8    344.30     49.14      8.69    150.30    312.31   2012  08  12  00
   289.00   41.00    962.76   46.9    238.15     20.52     10.45    114.65    265.89   2012  08  12  06
   290.00   43.00    957.69   37.9    237.25     19.94      8.46     66.98    198.38   2012  08  12  12
   290.00   44.00    972.83   21.0    111.20      0.00      8.84     17.68    115.69   2012  08  12  18
   289.00   44.00    985.18   18.4     79.99    270.00      3.95    -33.49     40.72   2012  08  13  00
   291.00   43.00    997.81   15.2    195.92    124.24      5.15    -60.83     -4.21   2012  08  13  06
   291.00   43.00    997.81   18.5      0.00      0.00      7.49    -65.76    -20.59   2012  08  13  12
   292.00   43.00   1000.22   19.7     81.33     90.00     12.68    -69.90    -31.95   2012  08  13  18
   294.00   43.00   1003.78   22.7    162.65     90.00     14.74    -79.61    -38.43   2012  08  14  00
   297.00   43.00   1007.40   20.8    243.96     90.00     22.02   -104.94    -55.77   2012  08  14  06
   300.00   44.00   1009.00   21.3    266.29     65.04     22.45   -113.96    -70.61   2012  08  14  12
   304.00   45.00   1011.48   21.0    336.13     70.44     22.79   -115.34    -74.55   2012  08  14  18
start   065  2012      08    27    18    0079
   278.00   28.00   1009.26   16.9    148.64    318.66      4.68     70.02     31.61   2012  08  27  18
   277.00   28.00   1010.33   18.6     98.18    270.00      5.83     74.20     31.58   2012  08  28  00
   277.00   29.00   1007.62   17.8    111.20      0.00      4.12     75.90     24.61   2012  08  28  06
   276.00   30.00   1010.15   12.6    147.42    319.21      3.62     67.61     22.71   2012  08  28  12
   276.00   30.00   1010.37   14.1      0.00      0.00      1.72     68.89     22.41   2012  08  28  18
   275.00   31.00   1009.49   12.5    146.78    319.50      2.96     70.97     23.02   2012  08  29  00
   275.00   31.00   1010.22   11.0      0.00      0.00      1.53     68.85     24.42   2012  08  29  06
   274.00   32.00   1009.35    8.1    146.13    319.81      4.02     69.94     36.68   2012  08  29  12
   274.00   32.00   1010.56   11.6      0.00      0.00      2.64     70.15     46.42   2012  08  29  18
   273.00   32.00   1009.81   10.6     94.30    270.00      1.20     75.33     64.25   2012  08  30  00
   272.00   33.00   1008.61   12.9    145.46    320.12     -2.37     78.59     86.69   2012  08  30  06
   272.00   33.00   1004.55   16.9      0.00      0.00     -5.04     81.78    103.75   2012  08  30  12
   272.00   33.00   1000.06   12.9      0.00      0.00    -10.18     80.58    107.59   2012  08  30  18
   272.00   33.00   1000.16   18.1      0.00      0.00    -10.81     78.31    107.11   2012  08  31  00
   272.00   33.00   1004.98   20.3      0.00      0.00    -11.54     74.17     89.18   2012  08  31  06
   273.00   33.00   1004.53   18.8     93.26     90.00    -10.56     71.92     66.88   2012  08  31  12
   273.00   33.00   1007.25   16.3      0.00      0.00    -10.36     60.06     43.22   2012  08  31  18
   274.00   33.00   1002.36   17.1     93.26     90.00     -6.28     65.51     26.25   2012  09  01  00
   274.00   33.00   1002.29   16.2      0.00      0.00     -3.84     64.20      4.25   2012  09  01  06
   275.00   32.00    999.27   15.6    145.46    139.59      2.61     69.00    -22.51   2012  09  01  12
   276.00   31.00    999.51   18.2    146.13    139.29      3.93     61.73    -40.42   2012  09  01  18
   276.00   30.00    998.66   21.3    111.20    180.00     10.86     78.11    -71.68   2012  09  02  00
   277.00   30.00    996.45   19.7     96.30     90.00     11.97     80.11    -85.69   2012  09  02  06
   277.00   29.00    997.76   19.7    111.20    180.00     13.85     97.78    -99.02   2012  09  02  12
   278.00   29.00    994.19   19.8     97.26     90.00      7.30    126.29    -89.37   2012  09  02  18
   278.00   28.00    993.08   20.0    111.20    180.00     12.06    149.97    -91.46   2012  09  03  00
   278.00   28.00    994.96   19.6      0.00      0.00     10.39    155.75    -66.56   2012  09  03  06
   279.00   27.00    994.21   25.2    148.64    138.19      9.59    165.31    -57.19   2012  09  03  12
   279.00   26.00    993.16   27.1    111.20    180.00      3.42    171.56    -37.13   2012  09  03  18
   279.00   25.00    991.96   27.3    111.20    180.00      3.47    170.90    -29.57   2012  09  04  00
   279.00   25.00    990.24   28.0      0.00      0.00     -2.45    183.65     -1.05   2012  09  04  06
   279.00   25.00    986.41   35.6      0.00      0.00     -0.63    198.95     16.89   2012  09  04  12
   279.00   25.00    987.81   30.6      0.00      0.00     -6.26    196.64     48.80   2012  09  04  18
   280.00   26.00    990.28   38.0    149.79     41.85     -0.41    192.70     77.02   2012  09  05  00
   279.00   26.00    991.62   35.1     99.94    270.00      5.71    171.49    106.08   2012  09  05  06
   279.00   28.00    984.86   26.7    222.40      0.00     10.27    147.89    120.03   2012  09  05  12
   279.00   29.00    986.24   32.7    111.20      0.00      9.47    128.80    130.51   2012  09  05  18
   278.00   30.00    989.60   20.8    147.42    319.21     15.98    101.67    122.66   2012  09  06  00
   276.00   31.00    994.78   15.7    221.54    300.35     13.56     62.97    107.48   2012  09  06  06
   275.00   32.00    998.73   12.1    146.13    319.81      8.62     30.80     90.22   2012  09  06  12
   274.00   33.00   1003.58    9.9    145.46    320.12      3.53     -1.20     69.90   2012  09  06  18
   274.00   33.00   1003.58   10.7      0.00      0.00     -1.25    -32.84     51.20   2012  09  07  00
   274.00   34.00   1005.98   10.0    111.20      0.00     -5.24    -37.45     29.19   2012  09  07  06
   274.00   34.00   1007.69   10.1      0.00      0.00     -8.75    -42.85     -0.95   2012  09  07  12
   273.00   35.00   1009.95    7.8    144.09    320.79     -6.86    -48.72    -20.07   2012  09  07  18
   272.00   36.00   1010.13    6.5    143.39    321.14     -2.76    -51.13    -42.21   2012  09  08  00
   269.00   34.00   1011.96    5.9    352.29    231.43     -3.62    -55.57    -63.48   2012  09  08  06
   269.00   33.00   1014.36    8.1    111.20    180.00     -2.32    -56.20    -79.16   2012  09  08  12
   269.00   33.00   1016.47    8.2      0.00      0.00      2.96    -50.60    -84.22   2012  09  08  18
   265.00   33.00   1014.09    9.5    373.01    270.00      1.16    -41.91    -94.09   2012  09  09  00
   264.00   32.00   1014.39    9.8    145.46    220.41     -3.97    -33.75   -102.37   2012  09  09  06
   263.00   33.00   1016.05    8.8    145.46    320.12     -2.56    -19.65    -99.57   2012  09  09  12
   263.00   33.00   1017.23    8.4      0.00      0.00     -5.84    -11.89    -94.35   2012  09  09  18
   261.00   34.00   1014.71    9.4    216.23    301.20    -11.61      0.08    -88.95   2012  09  10  00
   261.00   34.00   1014.02    7.9      0.00      0.00    -14.37      6.89    -81.47   2012  09  10  06
   261.00   34.00   1014.61    8.8      0.00      0.00    -15.88     14.40    -73.77   2012  09  10  12
   261.00   34.00   1014.22   11.3      0.00      0.00    -11.51     10.21    -67.39   2012  09  10  18
   261.00   37.00   1011.68    7.8    333.60      0.00     -4.67      8.95    -63.72   2012  09  11  00
   262.00   36.00   1011.27   13.1    142.67    140.91     -3.48     -8.99    -56.93   2012  09  11  06
   261.00   34.00   1012.03   12.8    240.32    202.69      6.28    -19.84    -51.47   2012  09  11  12
   262.00   34.00   1012.75    8.4     92.19     90.00      5.98    -26.41    -46.48   2012  09  11  18
   261.00   33.00   1011.38   11.8    144.79    220.10     -1.86    -28.27    -48.30   2012  09  12  00
   261.00   34.00   1011.70   13.5    111.20      0.00    -11.71     -6.35    -50.26   2012  09  12  06
   261.00   34.00   1014.20    7.6      0.00      0.00    -13.63      3.70    -49.73   2012  09  12  12
   262.00   37.00   1015.59    6.9    345.65     14.75    -24.06      9.11    -49.05   2012  09  12  18
start   031  2012      09    01    12    0081
   294.00   21.00   1003.63   16.8    103.81    270.00      4.47     76.40     42.70   2012  09  01  12
   293.00   21.00   1002.78   18.7    103.81    270.00      1.58     77.07     43.60   2012  09  01  18
   292.00   21.00   1001.01   18.1    103.81    270.00     -2.54     78.03     55.59   2012  09  02  00
   292.00   21.00    999.76   22.7      0.00      0.00     -4.60    101.45     55.22   2012  09  02  06
   292.00   22.00    996.80   24.0    111.20      0.00     -7.75    109.06     74.07   2012  09  02  12
   291.00   23.00    994.53   27.1    151.39    317.46    -10.67    130.27    113.48   2012  09  02  18
   291.00   24.00    987.76   31.7    111.20      0.00     -9.55    159.11    165.57   2012  09  03  00
   291.00   25.00    983.18   37.1    111.20      0.00     -6.49    192.47    191.96   2012  09  03  06
   290.00   26.00    972.31   41.9    149.79    318.15     -3.29    206.51    246.10   2012  09  03  12
   290.00   27.00    964.99   41.1    111.20      0.00     -0.22    236.11    287.19   2012  09  03  18
   290.00   28.00    961.02   50.2    111.20      0.00      4.04    233.93    301.29   2012  09  04  00
   290.00   30.00    956.56   50.8    222.40      0.00      7.55    249.86    310.50   2012  09  04  06
   290.00   31.00    949.78   55.2    111.20      0.00      9.82    260.00    314.58   2012  09  04  12
   290.00   33.00    960.53   46.4    222.40      0.00     11.54    258.36    308.79   2012  09  04  18
   290.00   34.00    946.18   47.5    111.20      0.00     12.23    251.63    298.75   2012  09  05  00
   289.00   35.00    957.02   53.4    144.09    320.79     10.22    260.89    302.73   2012  09  05  06
   288.00   36.00    956.31   50.4    143.39    321.14      7.98    234.13    297.04   2012  09  05  12
   287.00   37.00    957.85   45.6    142.67    321.50      5.06    186.82    297.04   2012  09  05  18
   286.00   37.00    970.79   38.3     88.81    270.00      0.61    144.74    289.58   2012  09  06  00
   285.00   38.00    973.06   37.5    141.94    321.88     -2.30     80.42    248.64   2012  09  06  06
   284.00   39.00    987.75   27.8    141.20    322.26     -1.78     16.62    191.27   2012  09  06  12
   284.00   41.00    998.30   22.2    222.40      0.00      0.04    -37.16    113.73   2012  09  06  18
   285.00   43.00   1005.06   11.1    237.25     19.94      5.16    -65.18     37.47   2012  09  07  00
   287.00   45.00   1004.15   17.6    273.94     35.04     12.58    -90.17    -47.09   2012  09  07  06
   292.00   46.00   1001.87   22.9    405.18     73.85     22.06    -86.43   -106.22   2012  09  07  12
   297.00   47.00    998.88   27.1    398.47     73.57     34.15    -95.76   -161.69   2012  09  07  18
   302.00   47.00    997.55   31.4    379.12     90.00     45.94   -122.77   -196.82   2012  09  08  00
   308.00   48.00    995.13   26.6    464.13     75.93     59.65   -181.03   -243.54   2012  09  08  06
   313.00   48.00    993.58   25.6    371.97     90.00     74.88   -243.11   -286.30   2012  09  08  12
   320.00   49.00    993.99   25.7    527.42     77.64     84.80   -302.12   -316.65   2012  09  08  18
   326.00   50.00    994.99   24.7    447.21     75.38     85.97   -319.40   -317.47   2012  09  09  00
start   026  2012      09    12    18    0084
   292.00   20.00   1006.14   17.1    237.30    298.08     -8.71      8.25    108.18   2012  09  12  18
   291.00   20.00   1002.89   20.8    104.49    270.00     -8.75     14.14    110.13   2012  09  13  00
   290.00   21.00   1000.29   23.0    152.36    317.05     -8.17     25.61    103.66   2012  09  13  06
   289.00   22.00    996.34   28.1    151.88    317.25     -8.13     70.81    111.25   2012  09  13  12
   288.00   22.00    993.85   27.4    103.10    270.00     -9.29    111.01    130.45   2012  09  13  18
   287.00   23.00    986.48   34.8    151.39    317.46     -9.29    161.34    151.77   2012  09  14  00
   286.00   24.00    983.20   39.7    150.88    317.67     -9.79    209.55    189.91   2012  09  14  06
   285.00   24.00    971.60   38.5    101.58    270.00    -11.27    253.11    217.00   2012  09  14  12
   284.00   25.00    977.01   40.4    150.34    317.91    -11.67    250.65    230.39   2012  09  14  18
   284.00   25.00    952.16   43.4      0.00      0.00    -10.77    263.24    251.65   2012  09  15  00
   283.00   25.00    974.83   56.3    100.78    270.00     -9.40    246.52    255.16   2012  09  15  06
   283.00   26.00    972.38   66.2    111.20      0.00     -7.57    236.18    259.50   2012  09  15  12
   282.00   26.00    936.87   59.1     99.94    270.00     -5.18    221.31    282.87   2012  09  15  18
   282.00   27.00    934.29   47.0    111.20      0.00     -2.56    197.44    275.96   2012  09  16  00
   282.00   27.00    952.22   53.5      0.00      0.00      3.21    184.35    274.08   2012  09  16  06
   282.00   28.00    929.72   54.8    111.20      0.00      8.97    185.23    287.85   2012  09  16  12
   283.00   29.00    942.69   55.3    148.04     41.07     17.81    195.54    309.57   2012  09  16  18
   285.00   30.00    955.31   57.8    223.23     59.91     24.53    186.31    302.85   2012  09  17  00
   287.00   31.00    958.97   53.0    221.54     59.65     30.34    211.67    356.46   2012  09  17  06
   290.00   32.00    957.91   58.0    305.39     68.46     32.92    220.33    359.51   2012  09  17  12
   292.00   33.00    954.20   52.9    218.05     59.10     37.76    237.00    357.11   2012  09  17  18
   294.00   34.00    960.86   46.5    216.23     58.80     36.66    212.92    311.19   2012  09  18  00
   296.00   36.00    960.47   43.8    287.47     38.75     45.23    221.81    273.21   2012  09  18  06
   298.00   38.00    961.98   48.7    284.60     38.01     57.90    183.58    178.20   2012  09  18  12
   299.00   41.00    965.65   43.7    344.45     13.96     66.59    175.02    135.85   2012  09  18  18
   300.00   44.00    971.34   44.6    343.51     13.33     63.64    153.86    119.90   2012  09  19  00
start   038  2012      09    13    06    0085
   323.00   17.00   1003.95   14.8    212.68    270.00      2.04     31.40     48.36   2012  09  13  06
   322.00   17.00   1002.82   15.9    106.34    270.00      0.65     33.66     51.97   2012  09  13  12
   321.00   18.00   1002.87   14.9    153.66    316.51     -0.27     37.56     54.91   2012  09  13  18
   320.00   19.00   1002.50   17.2    153.25    316.68     -2.70     43.21     59.97   2012  09  14  00
   319.00   19.00   1003.12   17.2    105.14    270.00     -6.47     55.36     60.65   2012  09  14  06
   318.00   20.00   1002.33   19.2    152.81    316.86     -9.24     72.33     59.05   2012  09  14  12
   317.00   21.00   1002.50   19.7    152.36    317.05     -8.60     89.83     43.48   2012  09  14  18
   316.00   22.00   1001.93   19.2    151.88    317.25     -8.87    105.25     31.29   2012  09  15  00
   315.00   22.00   1002.24   19.0    103.10    270.00     -6.11    119.12     34.70   2012  09  15  06
   314.00   23.00    999.90   20.0    151.39    317.46     -4.55    120.96     47.09   2012  09  15  12
   313.00   24.00    997.76   22.7    150.88    317.68     -4.63    121.90     69.91   2012  09  15  18
   313.00   24.00    994.07   22.0      0.00      0.00     -6.98    119.31    104.77   2012  09  16  00
   313.00   25.00    990.08   27.0    111.20      0.00     -7.91    130.84    137.79   2012  09  16  06
   313.00   25.00    987.02   31.0      0.00      0.00     -6.70    136.88    163.77   2012  09  16  12
   312.00   26.00    982.13   32.3    149.79    318.15     -5.43    161.29    189.22   2012  09  16  18
   312.00   26.00    976.91   37.6      0.00      0.00     -6.50    179.78    215.81   2012  09  17  00
   312.00   27.00    967.34   41.1    111.20      0.00     -0.77    191.17    236.17   2012  09  17  06
   312.00   28.00    966.27   46.2    111.20      0.00      0.28    196.83    262.63   2012  09  17  12
   311.00   28.00    958.00   40.2     98.18    270.00     -4.06    208.33    280.21   2012  09  17  18
   310.00   29.00    955.72   46.6    148.04    318.93     -3.45    211.40    290.64   2012  09  18  00
   310.00   30.00    959.29   46.6    111.20      0.00     -0.55    217.02    291.75   2012  09  18  06
   309.00   31.00    960.90   46.6    146.78    319.50     -4.07    219.20    297.61   2012  09  18  12
   309.00   32.00    959.15   48.6    111.20      0.00     -6.65    217.80    297.44   2012  09  18  18
   309.00   33.00    955.32   47.0    111.20      0.00     -6.24    213.39    297.14   2012  09  19  00
   310.00   34.00    954.26   46.7    144.79     39.55     -7.20    209.67    304.79   2012  09  19  06
   310.00   35.00    951.92   48.1    111.20      0.00     -8.30    208.00    317.31   2012  09  19  12
   310.00   36.00    953.54   46.1    111.20      0.00     -6.10    216.10    322.13   2012  09  19  18
   311.00   37.00    958.90   42.5    142.67     38.50     -1.86    215.27    329.78   2012  09  20  00
   311.00   39.00    959.53   47.1    222.40      0.00      8.64    204.51    307.80   2012  09  20  06
   312.00   41.00    967.71   44.6    238.15     20.52     22.29    174.36    255.53   2012  09  20  12
   312.00   43.00    969.03   42.5    222.40      0.00     42.19    129.53    185.63   2012  09  20  18
   312.00   46.00    974.49   41.9    333.60      0.00     51.46     77.02    150.46   2012  09  21  00
   312.00   51.00    975.09   40.4    555.99      0.00     49.13     43.26     97.70   2012  09  21  06
   312.00   55.00    972.61   36.3    444.80      0.00     38.73     20.15     21.06   2012  09  21  12
   312.00   58.00    971.63   41.7    333.60      0.00     29.30     46.15    -17.44   2012  09  21  18
   311.00   61.00    980.28   34.6    338.33    350.91     15.65     69.08    -44.11   2012  09  22  00
   306.00   65.00    982.07   27.0    511.08    332.47      8.66    115.05    -94.72   2012  09  22  06
   305.00   70.00    984.24   21.9    557.60    356.13      7.17    114.73   -147.12   2012  09  22  12
start   061  2012      09    25    06    0086
   323.00   16.00   1007.08   11.9    154.42    316.19     -4.19     -3.65     51.43   2012  09  25  06
   323.00   16.00   1005.87   12.7      0.00      0.00     -2.60     -2.49     52.31   2012  09  25  12
   322.00   16.00   1006.51   12.6    106.89    270.00     -2.53      0.79     51.87   2012  09  25  18
   322.00   17.00   1006.11   11.6    111.20      0.00     -1.87      0.79     53.16   2012  09  26  00
   322.00   18.00   1005.68   12.3    111.20      0.00     -1.83      2.73     55.31   2012  09  26  06
   322.00   18.00   1006.07   13.1      0.00      0.00     -0.08      6.43     59.22   2012  09  26  12
   322.00   18.00   1005.78   12.6      0.00      0.00     -2.20     13.14     59.28   2012  09  26  18
   322.00   19.00   1005.56   13.7    111.20      0.00     -1.87     15.07     62.41   2012  09  27  00
   321.00   19.00   1004.02   14.4    105.14    270.00     -1.27     16.07     68.92   2012  09  27  06
   321.00   19.00   1004.10   14.6      0.00      0.00     -1.41     16.48     76.31   2012  09  27  12
   321.00   20.00   1003.25   16.8    111.20      0.00     -1.88     15.61     87.08   2012  09  27  18
   320.00   20.00   1002.22   17.7    104.49    270.00      0.79     10.41     96.95   2012  09  28  00
   320.00   20.00   1000.60   19.8      0.00      0.00     -2.21     11.91    104.79   2012  09  28  06
   319.00   20.00   1001.03   19.0    104.49    270.00     -3.84     16.79    105.43   2012  09  28  12
   319.00   20.00   1001.04   18.7      0.00      0.00     -5.03     26.76    101.09   2012  09  28  18
   318.00   20.00   1001.87   19.6    104.49    270.00     -6.08     42.32     86.79   2012  09  29  00
   317.00   20.00   1001.66   20.3    104.49    270.00     -9.67     63.03     73.13   2012  09  29  06
   316.00   20.00   1002.98   19.0    104.49    270.00     -8.89     80.86     53.99   2012  09  29  12
   316.00   20.00   1003.25   19.0      0.00      0.00     -9.50     99.53     37.20   2012  09  29  18
   315.00   20.00   1004.38   18.7    104.49    270.00     -9.63    108.09     29.11   2012  09  30  00
   314.00   20.00   1004.62   17.3    104.49    270.00     -9.43    113.18     27.85   2012  09  30  06
   310.00   21.00   1005.87   19.2    431.19    285.04     -5.55    115.88     31.52   2012  09  30  12
   309.00   21.00   1005.42   19.3    103.81    270.00     -5.96    114.93     37.39   2012  09  30  18
   308.00   22.00   1006.07   19.5    151.88    317.25     -5.88    110.84     43.37   2012  10  01  00
   307.00   22.00   1004.68   19.3    103.10    270.00     -4.27    115.72     42.04   2012  10  01  06
   306.00   22.00   1004.68   16.0    103.10    270.00     -1.80    117.67     39.21   2012  10  01  12
   305.00   23.00   1002.85   20.5    151.39    317.46     -3.72    115.51     33.06   2012  10  01  18
   305.00   23.00   1002.07   19.0      0.00      0.00     -4.04    118.02     30.18   2012  10  02  00
   305.00   24.00    999.42   20.4    111.20      0.00     -5.95    121.57     29.37   2012  10  02  06
   305.00   24.00    997.57   22.1      0.00      0.00     -9.86    123.81     32.25   2012  10  02  12
   305.00   25.00    989.90   29.1    111.20      0.00    -14.80    132.22     37.65   2012  10  02  18
   305.00   25.00    986.21   31.3      0.00      0.00    -17.27    140.76     59.89   2012  10  03  00
   305.00   26.00    975.92   36.9    111.20      0.00    -18.69    150.58     86.50   2012  10  03  06
   305.00   27.00    973.02   40.1    111.20      0.00    -17.30    174.52    122.27   2012  10  03  12
   305.00   27.00    955.00   40.0      0.00      0.00    -13.19    195.86    162.77   2012  10  03  18
   305.00   28.00    965.07   38.8    111.20      0.00    -10.12    233.28    198.43   2012  10  04  00
   305.00   28.00    962.84   37.5      0.00      0.00     -6.22    252.63    223.30   2012  10  04  06
   305.00   29.00    964.85   39.5    111.20      0.00      0.30    257.72    236.56   2012  10  04  12
   305.00   29.00    963.83   44.0      0.00      0.00      3.03    252.07    260.41   2012  10  04  18
   306.00   30.00    954.36   45.4    147.42     40.79      4.08    239.11    262.37   2012  10  05  00
   307.00   31.00    959.52   51.0    146.78     40.50      2.42    205.89    268.61   2012  10  05  06
   308.00   31.00    966.79   45.5     95.32     90.00      1.32    193.44    274.10   2012  10  05  12
   309.00   32.00    972.23   43.3    146.13     40.19     -2.87    193.71    292.03   2012  10  05  18
   311.00   33.00    972.16   42.9    218.05     59.10     -3.85    188.49    277.67   2012  10  06  00
   313.00   35.00    975.49   40.5    288.87     39.10     -3.22    197.69    278.74   2012  10  06  06
   315.00   36.00    974.82   38.2    212.47     58.17     -1.99    211.45    282.97   2012  10  06  12
   316.00   36.00    979.64   31.8     89.96     90.00     -4.05    217.42    284.53   2012  10  06  18
   318.00   37.00    981.86   30.6    210.53     57.84      1.25    229.48    282.99   2012  10  07  00
   319.00   38.00    988.56   25.5    141.94     38.12      3.87    238.40    265.07   2012  10  07  06
   320.00   38.00    993.48   23.2     87.63     90.00      3.86    231.92    232.63   2012  10  07  12
   321.00   38.00    998.46   22.3     87.63     90.00      0.82    211.62    159.60   2012  10  07  18
   322.00   38.00   1003.02   22.0     87.63     90.00      8.69    190.10     79.74   2012  10  08  00
   320.00   38.00    993.48   25.4    175.25    270.00      9.88    154.18     -4.37   2012  10  08  06
   321.00   38.00    998.46   20.9     87.63     90.00     13.22    120.57    -52.65   2012  10  08  12
   322.00   38.00   1003.02   19.1     87.63     90.00     17.52     87.27    -84.86   2012  10  08  18
   323.00   37.00   1006.53   15.6    141.94    141.27     29.16     56.87    -83.59   2012  10  09  00
   323.00   36.00   1009.62   15.2    111.20    180.00     30.98     21.93    -79.18   2012  10  09  06
   323.00   35.00   1011.84   15.3    111.20    180.00     33.38    -13.78    -74.02   2012  10  09  12
   322.00   33.00   1013.86   15.8    240.74    202.93     34.20    -43.82    -75.55   2012  10  09  18
   321.00   31.00   1014.89   17.1    241.56    203.37     35.07    -67.87    -81.39   2012  10  10  00
   320.00   29.00   1016.12   16.5    242.35    203.79     34.32    -80.11    -84.05   2012  10  10  06
start   033  2012      10    06    12    0088
   279.00   12.00   1003.49   16.3    155.69    315.68      5.21     89.16      6.67   2012  10  06  12
   279.00   12.00   1002.81   16.1      0.00      0.00      4.66     87.09     12.66   2012  10  06  18
   279.00   12.00   1001.95   18.1      0.00      0.00      4.28     83.76     24.52   2012  10  07  00
   279.00   13.00    999.33   19.5    111.20      0.00      3.02     82.77     46.90   2012  10  07  06
   279.00   13.00    998.32   23.6      0.00      0.00      2.32     77.65     54.11   2012  10  07  12
   278.00   14.00    998.01   27.4    155.10    315.92      1.59     83.22     65.65   2012  10  07  18
   278.00   14.00    989.18   33.7      0.00      0.00      0.78     94.57     74.04   2012  10  08  00
   278.00   15.00    990.72   38.9    111.20      0.00     -0.62    113.73     94.63   2012  10  08  06
   278.00   15.00    975.10   36.3      0.00      0.00     -1.63    120.10     90.99   2012  10  08  12
   278.00   16.00    985.30   37.8    111.20      0.00     -2.31    139.33    112.05   2012  10  08  18
   278.00   16.00    974.27   40.2      0.00      0.00     -3.00    139.38    115.43   2012  10  09  00
   278.00   17.00    986.04   43.0    111.20      0.00     -3.89    142.50    125.71   2012  10  09  06
   278.00   17.00    980.69   43.4      0.00      0.00     -4.32    141.73    120.89   2012  10  09  12
   278.00   18.00    963.14   42.5    111.20      0.00     -4.70    151.35    128.24   2012  10  09  18
   278.00   19.00    959.21   28.6    111.20      0.00     -2.94    167.09    150.04   2012  10  10  00
   278.00   19.00    969.68   51.3      0.00      0.00     -4.07    181.97    168.71   2012  10  10  06
   279.00   20.00    974.99   48.7    152.81     43.14     -3.41    190.07    157.90   2012  10  10  12
   279.00   21.00    949.34   49.7    111.20      0.00      1.89    194.09    155.44   2012  10  10  18
   279.00   22.00    978.34   37.3    111.20      0.00      7.13    191.55    155.97   2012  10  11  00
   280.00   23.00    965.61   43.5    151.39     42.54      6.76    180.52    125.97   2012  10  11  06
   281.00   24.00    971.86   47.6    150.88     42.32     13.40    173.59    138.68   2012  10  11  12
   281.00   25.00    964.49   47.5    111.20      0.00     14.81    168.88    143.57   2012  10  11  18
   282.00   26.00    974.86   37.3    149.79     41.85     18.43    185.56    195.19   2012  10  12  00
   282.00   28.00    973.64   51.8    222.40      0.00     15.42    193.02    234.57   2012  10  12  06
   283.00   29.00    968.09   41.3    148.04     41.07     21.07    212.58    281.88   2012  10  12  12
   283.00   30.00    970.11   43.8    111.20      0.00     17.35    210.59    265.66   2012  10  12  18
   284.00   31.00    972.14   38.8    146.78     40.50     23.27    210.38    283.25   2012  10  13  00
   284.00   32.00    976.05   42.2    111.20      0.00     23.47    192.52    262.01   2012  10  13  06
   285.00   33.00    979.07   42.4    145.46     39.88     29.43    189.36    254.18   2012  10  13  12
   287.00   34.00    972.84   43.5    216.23     58.80     30.80    155.32    223.84   2012  10  13  18
   289.00   35.00    975.48   43.8    214.37     58.49     35.39    182.15    203.05   2012  10  14  00
   291.00   35.00    980.66   38.0    182.17     90.00     36.51    169.71    199.08   2012  10  14  06
   294.00   35.00    985.89   33.0    273.26     90.00     35.86    165.75    199.94   2012  10  14  12
