start   013  2010      06    07    06    007
   275.00   42.00    995.29   17.5   -999.00   -999.00   -999.00   -999.00   -999.00   2010   6   7   6
   280.00   43.00    992.89   13.4    424.66     74.63     31.05    -74.23     -2.85   2010   6   7  12
   283.00   43.00    992.16   12.4    243.96     90.00     39.41    -79.21     -4.39   2010   6   7  18
   285.00   43.00    993.04   11.9    162.65     90.00     37.32    -80.18    -18.30   2010   6   8   0
   290.00   43.00    993.01   14.1    406.57     90.00     42.20    -64.82      5.08   2010   6   8   6
   292.00   43.00    994.07   16.3    162.65     90.00     31.39    -92.17     18.32   2010   6   8  12
   294.00   44.00    994.94   18.4    195.92     55.08     26.99    -54.46     11.02   2010   6   8  18
   300.00   45.00    995.59   17.0    488.57     76.66     19.49     45.97    -35.81   2010   6   9   0
   302.00   46.00    995.25   15.4    191.47     54.13     13.24     28.01    -37.21   2010   6   9   6
   305.00   46.00    994.55   16.0    231.72     90.00     15.37    -42.58    -31.86   2010   6   9  12
   307.00   46.00    993.67   16.4    154.49     90.00     16.91    -42.26    -27.92   2010   6   9  18
   309.00   46.00    994.21   16.4    154.49     90.00     13.75    -31.96      1.20   2010   6  10   0
   311.00   46.00    994.93   14.4    154.49     90.00     13.32      3.23     19.62   2010   6  10   6
start   030  2010      09    15    12    013
   273.00   25.00    999.32   15.9   -999.00   -999.00   -999.00   -999.00   -999.00   2010   9  15  12
   272.00   25.00    997.71   19.2    100.78    270.00     -1.50    -32.08     26.23   2010   9  15  18
   273.00   26.00    995.68   19.2    149.79     41.86      4.84     37.27     36.47   2010   9  16   0
   273.00   27.00    994.88   20.5    111.20      0.00      1.76     38.98     61.04   2010   9  16   6
   273.00   28.00    993.54   25.2    111.20      0.00      0.58     42.57     49.17   2010   9  16  12
   273.00   29.00    991.46   29.6    111.20      0.00      1.39    102.66     89.74   2010   9  16  18
   273.00   30.00    991.35   23.8    111.20      0.00      2.04    117.76     97.48   2010   9  17   0
   273.00   31.00    995.04   22.6    111.20      0.00      1.31     74.73     91.63   2010   9  17   6
   273.00   33.00    992.78   18.8    222.40      0.00     -0.87     54.76     90.06   2010   9  17  12
   274.00   34.00    993.98   18.9    144.79     39.55      4.17     56.53     78.40   2010   9  17  18
   275.00   35.00    991.81   18.1    144.09     39.21     -0.71     52.73     67.54   2010   9  18   0
   276.00   36.00    996.64   19.8    143.39     38.86     -1.97     64.31     86.39   2010   9  18   6
   278.00   36.00   1001.35   19.7    179.92     90.00     -0.69     86.60    135.72   2010   9  18  12
   280.00   37.00    998.08   17.4    210.53     57.84     -0.06     94.43     64.48   2010   9  18  18
   282.00   37.00    996.69   23.9    177.61     90.00      4.30    117.84     99.92   2010   9  19   0
   284.00   38.00    993.17   30.5    208.55     57.49     -1.29    133.27     56.87   2010   9  19   6
   285.00   39.00    991.87   27.2    141.20     37.74      1.90    111.49     40.35   2010   9  19  12
   287.00   40.00    986.96   22.6    204.48     56.75      8.23     84.34    102.64   2010   9  19  18
   288.00   40.00    989.12   24.1     85.18     90.00      7.08     85.50    137.84   2010   9  20   0
   289.00   40.00    990.07   21.7     85.18     90.00      4.33     57.16    120.93   2010   9  20   6
   289.00   40.00    993.13   19.9      0.00      0.00      5.04     41.57    139.31   2010   9  20  12
   290.00   40.00    992.97   18.3     85.18     90.00      5.33     29.97    131.35   2010   9  20  18
   291.00   40.00    996.65   19.5     85.18     90.00      3.83     36.39    153.63   2010   9  21   0
   292.00   41.00    998.14   19.4    139.69     36.93     -0.23     18.79    128.08   2010   9  21   6
   293.00   41.00    998.63   19.0     83.92     90.00      3.93     35.47     99.16   2010   9  21  12
   295.00   42.00    999.55   19.2    200.26     55.95      2.96      6.82     40.57   2010   9  21  18
   297.00   43.00   1000.50   17.1    198.11     55.52      7.20     22.73    -43.12   2010   9  22   0
   297.00   43.00   1000.50   22.2      0.00      0.00     15.55    -20.43   -115.03   2010   9  22   6
   300.00   45.00    999.89   20.5    327.13     46.44     37.69   -113.06   -215.46   2010   9  22  12
   303.00   47.00    998.51   22.0    321.14     45.40     63.23   -216.97   -228.14   2010   9  22  18
start   031  2010      09    25    06    014
   270.00   20.00    998.35   16.1   -999.00   -999.00   -999.00   -999.00   -999.00   2010   9  25   6
   270.00   20.00    996.20   18.2      0.00      0.00     13.37     44.52     67.58   2010   9  25  12
   269.00   20.00    994.22   21.0    104.49    270.00     -2.58     97.46     71.86   2010   9  25  18
   269.00   20.00    992.34   22.0      0.00      0.00     23.19    140.72     87.81   2010   9  26   0
   269.00   20.00    991.18   24.4      0.00      0.00     25.13    168.25     93.80   2010   9  26   6
   270.00   20.00    988.50   26.2    104.49     90.00    -10.80    208.41    137.21   2010   9  26  12
   270.00   20.00    989.27   19.7      0.00      0.00     37.57    154.51    113.54   2010   9  26  18
   271.00   21.00    991.24   19.0    152.36     42.95      7.92    158.28     73.01   2010   9  27   0
   271.00   21.00    991.87   17.0      0.00      0.00     24.55    156.93     26.65   2010   9  27   6
   271.00   21.00    993.19   16.3      0.00      0.00     26.64    152.74     14.94   2010   9  27  12
   271.00   21.00    995.21   15.3      0.00      0.00     27.36    142.78     27.27   2010   9  27  18
   272.00   21.00    995.40   14.2    103.81     90.00    -10.05     88.38     18.49   2010   9  28   0
   272.00   21.00    996.24   16.6      0.00      0.00     15.12    140.17     19.19   2010   9  28   6
   272.00   20.00    996.49   19.5    111.20    180.00    -14.41    135.36    -53.08   2010   9  28  12
   273.00   21.00    997.60   16.7    152.36     42.95      7.58    113.10     27.97   2010   9  28  18
   273.00   20.00    999.52   18.4    111.20    180.00    -14.72    110.42      4.03   2010   9  29   0
   274.00   20.00   1000.65   18.3    104.49     90.00    -18.98    119.71     10.25   2010   9  29   6
   275.00   21.00   1000.65   15.5    152.36     42.95     -8.02    115.30      4.90   2010   9  29  12
   275.00   21.00   1001.43   17.2      0.00      0.00      4.07     94.86      3.85   2010   9  29  18
   275.00   21.00    999.35   18.4      0.00      0.00      5.75     91.74      9.65   2010   9  30   0
   274.00   21.00    998.04   19.7    103.81    270.00     12.34    104.47      9.56   2010   9  30   6
   274.00   21.00    995.30   22.0      0.00      0.00      9.51     64.22     28.70   2010   9  30  12
   273.00   22.00    995.99   21.7    151.88    317.25     11.17    104.28     22.72   2010   9  30  18
   271.00   22.00    992.77   22.5    206.20    270.00      0.55    113.41     16.23   2010  10   1   0
   270.00   22.00    988.40   26.5    103.10    270.00      3.91    104.45     61.19   2010  10   1   6
   268.00   22.00    985.26   32.3    206.20    270.00      2.87     76.16     37.74   2010  10   1  12
   267.00   22.00    991.35   27.3    103.10    270.00      4.43     73.63     49.71   2010  10   1  18
   266.00   23.00    985.12   27.2    151.39    317.46      6.37    114.10     76.94   2010  10   2   0
   265.00   23.00    988.69   32.1    102.36    270.00      2.40    305.32    236.22   2010  10   2   6
   263.00   24.00    986.93   26.7    232.29    298.77     16.65    172.15     96.02   2010  10   2  12
   262.00   24.00    991.46   25.3    101.58    270.00      5.06    197.20    111.15   2010  10   2  18
start   033  2010      10    09    18    015
   281.00   25.00   1002.31   17.1   -999.00   -999.00   -999.00   -999.00   -999.00   2010  10   9  18
   282.00   26.00   1000.53   17.1    149.79     41.85     -1.74     48.34     34.57   2010  10  10   0
   282.00   27.00   1000.23   18.0    111.20      0.00     -5.58     23.88     32.79   2010  10  10   6
   283.00   27.00    996.89   18.5     99.08     90.00     -2.22     57.34     58.28   2010  10  10  12
   283.00   28.00    995.07   16.6    111.20      0.00    -11.90     53.78     67.44   2010  10  10  18
   283.00   29.00    992.88   25.8    111.20      0.00     -5.83    144.21     34.28   2010  10  11   0
   283.00   29.00    992.66   30.1      0.00      0.00     -6.91    154.85     47.81   2010  10  11   6
   282.00   29.00    991.36   30.9     97.26    270.00    -38.39    204.79     46.24   2010  10  11  12
   282.00   29.00    988.53   31.6      0.00      0.00      7.22    260.15    100.02   2010  10  11  18
   281.00   29.00    978.64   36.0     97.26    270.00    -30.15    251.88    196.00   2010  10  12   0
   280.00   29.00    985.33   33.3     97.26    270.00    -22.00    242.63    252.90   2010  10  12   6
   279.00   29.00    980.96   34.0     97.26    270.00     -9.21    186.16    271.98   2010  10  12  12
   278.00   29.00    985.77   22.1     97.26    270.00     -4.32     64.52    135.39   2010  10  12  18
   277.00   30.00    993.64   21.2    147.42    319.21     -6.56     55.66    153.23   2010  10  13   0
   275.00   30.00    996.26   20.8    192.60    270.00     -1.91     60.20    129.74   2010  10  13   6
   272.00   29.00    999.62   19.9    310.90    249.20      0.59     71.16    108.35   2010  10  13  12
   271.00   29.00    998.02   19.8     97.26    270.00     -7.57     82.17    104.11   2010  10  13  18
   270.00   29.00    998.80   19.2     97.26    270.00    -12.61     83.54    125.48   2010  10  14   0
   269.00   28.00    998.71   20.3    148.04    221.55     -5.51     75.36    102.21   2010  10  14   6
   269.00   28.00    996.29   24.8      0.00      0.00      3.52    123.51     91.04   2010  10  14  12
   268.00   28.00    993.72   29.1     98.18    270.00    -11.10    154.15     76.73   2010  10  14  18
   267.00   28.00    992.01   28.2     98.18    270.00    -11.32    175.19     74.10   2010  10  15   0
   267.00   28.00    985.72   31.6      0.00      0.00     12.68    172.14    148.98   2010  10  15   6
   266.00   28.00    982.53   31.7     98.18    270.00     -3.59    188.01    227.36   2010  10  15  12
   264.00   28.00    981.76   38.3    196.36    270.00      0.92    231.98    277.81   2010  10  15  18
   263.00   27.00    979.11   31.0    148.64    221.81    -11.03    198.22    202.09   2010  10  16   0
   262.00   27.00    979.64   29.4     99.08    270.00     11.80    300.82    295.95   2010  10  16   6
   262.00   26.00    985.20   24.3    111.20    180.00     -7.47    183.53    172.69   2010  10  16  12
   261.00   26.00    989.16   21.5     99.94    270.00     -5.57    155.38    154.32   2010  10  16  18
   261.00   26.00    994.03   18.5      0.00      0.00     12.40    147.72    156.84   2010  10  17   0
   260.00   26.00   1004.48   14.2     99.94    270.00     -6.00    105.38     80.19   2010  10  17   6
   260.00   26.00   1004.48   13.4      0.00      0.00     26.64     82.42      8.18   2010  10  17  12
   261.00   25.00   1012.38   10.8    149.79    137.71     -2.06     70.61    -30.89   2010  10  17  18
start   039  2010      10    16    00    017
   287.00   15.00    999.01   19.4   -999.00   -999.00   -999.00   -999.00   -999.00   2010  10  16   0
   288.00   15.00    999.22   18.9    107.41     90.00     -9.70    179.82     61.23   2010  10  16   6
   288.00   16.00    996.77   20.3    111.20      0.00    -11.12     91.78     77.80   2010  10  16  12
   288.00   16.00    993.06   22.6      0.00      0.00    -10.78     93.62    102.57   2010  10  16  18
   288.00   16.00    990.95   24.9      0.00      0.00    -12.88     75.05     93.51   2010  10  17   0
   289.00   17.00    988.33   30.6    154.05     43.65     -9.11    100.00    117.23   2010  10  17   6
   288.00   18.00    985.67   31.1    153.66    316.51     -7.82     93.12     88.34   2010  10  17  12
   288.00   19.00    987.42   29.0    111.20      0.00    -16.80    119.07    120.52   2010  10  17  18
   287.00   19.00    979.59   33.8    105.14    270.00     -2.43    113.85    120.05   2010  10  18   0
   287.00   20.00    982.24   40.5    111.20      0.00    -12.96    172.95    170.50   2010  10  18   6
   286.00   20.00    964.47   38.7    104.49    270.00     -9.01    184.36    157.24   2010  10  18  12
   285.00   20.00    955.91   33.9    104.49    270.00     -9.19    210.92    213.65   2010  10  18  18
   285.00   20.00    963.89   38.4      0.00      0.00     -3.46    191.60    161.96   2010  10  19   0
   284.00   20.00    970.19   39.2    104.49    270.00      0.73    157.76    218.69   2010  10  19   6
   284.00   21.00    952.38   50.3    111.20      0.00      7.57    155.92    175.10   2010  10  19  12
   284.00   22.00    941.84   47.7    111.20      0.00      6.88    215.72    233.64   2010  10  19  18
   284.00   23.00    945.41   51.7    111.20      0.00      7.60    236.95    258.30   2010  10  20   0
   283.00   23.00    952.66   51.9    102.36    270.00      8.12    199.85    302.77   2010  10  20   6
   283.00   24.00    924.31   49.7    111.20      0.00      1.40    249.22    301.65   2010  10  20  12
   283.00   25.00    946.36   57.0    111.20      0.00    -10.45    258.78    367.03   2010  10  20  18
   282.00   25.00    925.87   52.4    100.78    270.00    -13.47    251.75    265.34   2010  10  21   0
   281.00   26.00    937.87   48.3    149.79    318.15    -14.64    263.75    317.91   2010  10  21   6
   281.00   26.00    938.48   47.1      0.00      0.00    -12.63    264.32    370.42   2010  10  21  12
   280.00   26.00    949.31   44.5     99.94    270.00     -2.70    172.77    256.35   2010  10  21  18
   279.00   27.00    947.44   41.5    149.22    318.40     -0.65    211.30    259.99   2010  10  22   0
   279.00   27.00    961.11   36.2      0.00      0.00     -4.86    129.63    219.76   2010  10  22   6
   278.00   28.00    958.72   33.1    148.64    318.66    -13.63    172.46    233.03   2010  10  22  12
   278.00   28.00    966.13   30.1      0.00      0.00      1.41    121.21    165.86   2010  10  22  18
   278.00   29.00    969.38   33.6    111.20      0.00      5.21    188.06    171.50   2010  10  23   0
   278.00   29.00    972.05   29.1      0.00      0.00      1.58    117.52    126.89   2010  10  23   6
   278.00   29.00    975.90   24.6      0.00      0.00      9.20     54.44     99.92   2010  10  23  12
   278.00   30.00    979.41   21.4    111.20      0.00      4.45     83.98     99.40   2010  10  23  18
   277.00   30.00    982.05   18.9     96.30    270.00    -11.72    101.91     38.32   2010  10  24   0
   277.00   31.00    985.96   18.6    111.20      0.00     15.63     91.52     23.85   2010  10  24   6
   278.00   32.00    990.57   16.6    146.13     40.19     18.29     48.93      4.17   2010  10  24  12
   278.00   32.00    990.57   24.3      0.00      0.00      9.96    -10.53    -33.07   2010  10  24  18
   280.00   33.00    991.82   23.1    218.05     59.10     22.51    -45.91    -94.42   2010  10  25   0
   282.00   34.00    992.83   25.2    216.23     58.80     21.94    -82.29   -136.50   2010  10  25   6
   284.00   36.00    992.62   25.4    287.47     38.75     28.42     -9.49   -215.24   2010  10  25  12
start   012  2010      10    31    00    019
   275.00   14.00   1006.55    8.7   -999.00   -999.00   -999.00   -999.00   -999.00   2010  10  31   0
   275.00   15.00   1007.10   12.3    111.20      0.00      6.87    115.23      1.47   2010  10  31   6
   275.00   15.00   1007.45   14.5      0.00      0.00      6.57    107.99     13.79   2010  10  31  12
   275.00   16.00   1004.44   17.4    111.20      0.00      4.02    106.05     13.38   2010  10  31  18
   275.00   17.00   1005.49   19.1    111.20      0.00      2.95    117.84    -25.43   2010  11   1   0
   275.00   18.00   1002.02   19.2    111.20      0.00     -2.34    131.79    -19.26   2010  11   1   6
   275.00   19.00   1003.38   22.9    111.20      0.00     -3.29    202.65    -12.41   2010  11   1  12
   276.00   20.00   1002.23   18.1    152.81     43.14      8.31    151.42      1.04   2010  11   1  18
   277.00   22.00    999.96   21.2    245.43     24.75      3.78    259.64     27.46   2010  11   2   0
   278.00   22.00    996.14   21.0    103.10     90.00     27.68    153.92    -30.98   2010  11   2   6
   278.00   22.00    996.07   21.4      0.00      0.00     -7.86    148.98    -21.51   2010  11   2  12
   281.00   23.00    996.94   29.0    327.64     70.03     18.48    177.50      8.36   2010  11   2  18
start   055  2011      05    17    18    035
   280.00   27.00    981.58   24.6   -999.00   -999.00   -999.00   -999.00   -999.00   2011   5  17  18
   279.00   27.00    986.41   26.8     99.08    270.00    -19.84    240.83     79.28   2011   5  18   0
   279.00   27.00    979.75   28.0      0.00      0.00     -2.04    314.51     83.36   2011   5  18   6
   279.00   27.00    980.08   24.8      0.00      0.00     -3.46    239.02     77.30   2011   5  18  12
   279.00   27.00    985.05   25.7      0.00      0.00     -6.36    179.08    121.52   2011   5  18  18
   278.00   28.00    977.28   36.3    148.64    318.66    -28.33    285.20    130.46   2011   5  19   0
   278.00   27.00    978.34   35.6    111.20    180.00      4.63    161.73    109.14   2011   5  19   6
   278.00   28.00    980.32   31.2    111.20      0.00     -9.77    222.99    143.94   2011   5  19  12
   278.00   28.00    979.23   33.9      0.00      0.00     -8.76    295.67     88.23   2011   5  19  18
   278.00   28.00    978.21   31.0      0.00      0.00     -4.48    207.21    105.41   2011   5  20   0
   278.00   29.00    980.53   34.4    111.20      0.00    -15.06    226.38    109.32   2011   5  20   6
   277.00   29.00    984.68   23.5     97.26    270.00    -33.04    200.36     19.70   2011   5  20  12
   276.00   30.00    988.06   24.4    147.42    319.21     -6.08    161.44     64.06   2011   5  20  18
   275.00   30.00    988.65   22.9     96.30    270.00    -19.49    180.22     48.46   2011   5  21   0
   273.00   30.00    990.68   19.9    192.60    270.00     -4.58    155.05     72.41   2011   5  21   6
   271.00   30.00    990.06   20.3    192.60    270.00      4.52    130.60    126.77   2011   5  21  12
   271.00   29.00    988.21   17.4    111.20    180.00     -2.18     45.65     98.13   2011   5  21  18
   271.00   29.00    988.46   17.2      0.00      0.00      0.30     55.81     79.18   2011   5  22   0
   271.00   29.00    989.22   16.0      0.00      0.00     -4.64     91.50     74.24   2011   5  22   6
   270.00   29.00    990.03   16.4     97.26    270.00     -6.30     67.09     98.33   2011   5  22  12
   269.00   29.00    989.54   19.1     97.26    270.00     -8.35     91.64     89.67   2011   5  22  18
   268.00   29.00    990.07   17.9     97.26    270.00    -10.57     57.21    107.01   2011   5  23   0
   268.00   29.00    987.95   18.2      0.00      0.00      1.42     56.22    111.15   2011   5  23   6
   268.00   29.00    987.90   18.8      0.00      0.00      0.51     64.48    111.29   2011   5  23  12
   268.00   30.00    989.66   17.4    111.20      0.00     -0.79     87.17    121.59   2011   5  23  18
   268.00   30.00    988.02   17.5      0.00      0.00     -0.24     50.39    100.14   2011   5  24   0
   268.00   30.00    989.73   17.5      0.00      0.00      3.30     53.37     99.93   2011   5  24   6
   269.00   31.00    990.28   17.1    146.78     40.50      9.67     83.51     61.16   2011   5  24  12
   270.00   31.00    989.09   21.3     95.32     90.00     14.04     66.51     66.00   2011   5  24  18
   271.00   31.00    987.24   22.7     95.32     90.00     11.33     41.05     69.20   2011   5  25   0
   273.00   32.00    987.70   14.3    219.82     59.38     14.28     40.95      7.86   2011   5  25   6
   273.00   32.00    987.70   31.2      0.00      0.00     14.83     60.07    -24.49   2011   5  25  12
   275.00   32.00    988.79   25.7    188.60     90.00     16.71     44.77    -65.00   2011   5  25  18
   278.00   34.00    988.21   26.1    357.37     50.97     33.18     15.46   -132.38   2011   5  26   0
   281.00   36.00    987.43   31.1    352.29     50.28     33.78     11.50   -129.12   2011   5  26   6
   284.00   38.00    984.92   29.0    347.01     49.53     31.83     17.88    -93.11   2011   5  26  12
   286.00   39.00    983.58   30.0    206.53     57.13     40.91      4.04    -17.07   2011   5  26  18
   288.00   40.00    983.27   34.1    204.48     56.75     48.44     53.92     14.55   2011   5  27   0
   290.00   40.00    985.44   34.0    170.36     90.00     38.00     -3.84     24.84   2011   5  27   6
   292.00   41.00    989.68   29.3    202.39     56.36     49.52     20.27    -70.51   2011   5  27  12
   294.00   40.00    993.98   26.9    202.39    123.02     26.42     18.11   -110.84   2011   5  27  18
   296.00   40.00    997.17   28.1    170.36     90.00     43.04     -8.46   -137.49   2011   5  28   0
   298.00   41.00    999.00   25.7    202.39     56.36     51.27    -50.15   -172.44   2011   5  28   6
   300.00   41.00    999.97   23.0    167.84     90.00     65.16    -51.09   -189.47   2011   5  28  12
   302.00   41.00   1001.33   23.3    167.84     90.00     67.08    -45.41   -177.03   2011   5  28  18
   305.00   41.00   1001.43   23.3    251.76     90.00     61.33    -40.82   -155.32   2011   5  29   0
   307.00   41.00   1001.48   23.0    167.84     90.00     57.05    -22.91   -146.60   2011   5  29   6
   308.00   41.00   1001.37   24.1     83.92     90.00     48.99    -10.34   -177.06   2011   5  29  12
   311.00   40.00   1002.64   24.0    276.95    113.43     37.12    -31.48   -166.98   2011   5  29  18
   313.00   40.00   1003.65   22.9    170.36     90.00     41.19    -36.45   -169.48   2011   5  30   0
   316.00   39.00   1005.08   20.3    280.38    113.13     36.94    -67.89   -152.24   2011   5  30   6
   318.00   38.00   1005.49   19.3    206.53    122.29     30.42    -84.37   -132.74   2011   5  30  12
   320.00   38.00   1006.94   18.1    175.25     90.00     29.60   -109.63   -127.39   2011   5  30  18
   321.00   38.00   1007.25   17.5     87.63     90.00     29.67   -108.18   -127.92   2011   5  31   0
   323.00   38.00   1007.86   23.0    175.25     90.00     30.86   -106.38   -172.90   2011   5  31   6
start   035  2011      06    15    06    036
   278.00   29.00   1011.38   14.5   -999.00   -999.00   -999.00   -999.00   -999.00   2011   6  15   6
   278.00   29.00   1011.05   13.2      0.00      0.00     -1.57     13.69     39.04   2011   6  15  12
   277.00   29.00   1012.27   11.6     97.26    270.00     -2.28      6.61     47.49   2011   6  15  18
   274.00   28.00   1010.88   13.6    313.54    249.38      7.95    -36.93     40.53   2011   6  16   0
   273.00   27.00   1010.16   15.9    148.64    221.81     12.60    -30.05     42.44   2011   6  16   6
   273.00   27.00   1008.88   16.6      0.00      0.00    -11.50    -61.00     79.16   2011   6  16  12
   272.00   27.00   1006.04   20.2     99.08    270.00     11.59    -39.75    123.05   2011   6  16  18
   271.00   27.00   1005.55   28.5     99.08    270.00      9.22     -6.71    115.56   2011   6  17   0
   270.00   26.00   1000.33   24.2    149.22    222.05     14.92    -33.01    132.76   2011   6  17   6
   269.00   26.00    996.21   28.4     99.94    270.00     -0.21     23.97    112.70   2011   6  17  12
   268.00   26.00    997.67   31.3     99.94    270.00      0.48     58.10    160.00   2011   6  17  18
   267.00   25.00    996.20   32.7    149.79    222.29      6.48     20.42    133.99   2011   6  18   0
   266.00   26.00    986.62   47.9    149.79    318.15     -5.34      4.53    124.61   2011   6  18   6
   265.00   26.00    973.02   34.5     99.94    270.00      2.90     28.96    143.12   2011   6  18  12
   264.00   26.00    983.83   45.2     99.94    270.00     -0.44    110.75    264.17   2011   6  18  18
   263.00   26.00    985.85   44.7     99.94    270.00     -1.05    109.93    320.79   2011   6  19   0
   263.00   26.00    986.62   37.1      0.00      0.00     -6.52    110.88    288.53   2011   6  19   6
   262.00   26.00    978.85   34.8     99.94    270.00      5.10    108.62    278.11   2011   6  19  12
   261.00   26.00    985.59   23.4     99.94    270.00     -8.30     99.91    241.80   2011   6  19  18
   261.00   26.00    991.16   20.3      0.00      0.00    -22.33     39.76    200.14   2011   6  20   0
   260.00   26.00   1003.43   15.3     99.94    270.00     -4.56     90.02    222.45   2011   6  20   6
   261.00   26.00    991.17   23.0     99.94     90.00      7.02     90.83    169.49   2011   6  20  12
   260.00   26.00   1003.43   17.6     99.94    270.00    -13.10      4.18     98.53   2011   6  20  18
   261.00   24.00   1007.72   17.1    244.16    155.29      8.92     27.13     51.25   2011   6  21   0
   261.00   24.00   1011.42   14.7      0.00    180.00    -10.62     30.07     20.67   2011   6  21   6
   258.00   25.00   1013.49   12.8    323.27    290.26      6.58     60.06     32.53   2011   6  21  12
   257.00   26.00   1013.38   12.9    149.79    318.15     -3.21     60.75     54.69   2011   6  21  18
   257.00   29.00   1011.77   12.8    333.60      0.00    -25.59    -21.08     67.35   2011   6  22   0
   255.00   29.00   1010.36   11.2    194.51    270.00     31.13     74.08     61.49   2011   6  22   6
   255.00   29.00   1013.28    8.3      0.00    180.00     13.15     59.98     62.08   2011   6  22  12
   255.00   29.00   1013.77    9.1      0.00    180.00     19.34     29.25     51.08   2011   6  22  18
   255.00   29.00   1009.53   15.2      0.00    180.00     21.75    118.10     55.27   2011   6  23   0
   255.00   29.00   1008.51   14.1      0.00    180.00     15.18     89.39     38.26   2011   6  23   6
   257.00   29.00   1013.71   10.8    194.51     90.00    -13.40     29.39     46.19   2011   6  23  12
   257.00   26.00   1013.85   10.1    333.60    180.00     12.23     70.52     45.71   2011   6  23  18
start   031  2011      06    24    18    038
   273.00   29.00   1013.57   13.5   -999.00   -999.00   -999.00   -999.00   -999.00   2011   6  24  18
   272.00   29.00   1012.11   15.5     97.26    270.00     -5.78     -3.88     79.87   2011   6  25   0
   271.00   29.00   1011.17   16.6     97.26    270.00     -4.14     30.51     68.59   2011   6  25   6
   271.00   30.00   1011.01   17.3    111.20      0.00    -10.05     52.79     66.61   2011   6  25  12
   270.00   30.00   1009.86   12.4     96.30    270.00     -1.14     41.40     65.62   2011   6  25  18
   269.00   30.00   1008.82   13.9     96.30    270.00      1.70     51.98     47.45   2011   6  26   0
   268.00   30.00   1007.35   14.4     96.30    270.00     -0.01     92.20     38.01   2011   6  26   6
   268.00   30.00   1005.85   15.6      0.00      0.00     -9.28     88.08     61.34   2011   6  26  12
   267.00   30.00   1006.46   14.2     96.30    270.00      0.90     62.49     57.49   2011   6  26  18
   267.00   31.00   1005.20   17.5    111.20      0.00    -12.20     90.96    127.51   2011   6  27   0
   267.00   31.00   1000.08   16.5      0.00      0.00     -9.89     33.55     75.51   2011   6  27   6
   266.00   32.00   1005.91   16.8    146.13    319.81     -3.88     81.92    144.62   2011   6  27  12
   266.00   32.00   1000.92   16.8      0.00      0.00     -8.25     26.76     79.90   2011   6  27  18
   265.00   33.00   1001.30   15.6    145.46    320.12     -3.98     62.40    156.98   2011   6  28   0
   265.00   33.00   1003.95   20.1      0.00      0.00    -11.43     73.33    119.22   2011   6  28   6
   264.00   34.00   1001.64   18.8    144.79    320.45     -6.08     75.06    174.59   2011   6  28  12
   264.00   37.00   1004.49   16.8    333.60      0.00    -19.86     34.22    159.31   2011   6  28  18
   264.00   37.00   1004.49   16.5      0.00      0.00    -29.33     43.38    118.23   2011   6  29   0
   264.00   38.00   1004.40   11.7    111.20      0.00    -30.76    107.03     70.05   2011   6  29   6
   264.00   39.00   1006.34    9.0    111.20      0.00    -32.48    130.37     54.64   2011   6  29  12
   260.00   40.00   1004.17   11.6    360.74    288.16      6.69    136.26    -17.39   2011   6  29  18
   259.00   40.00   1000.95    9.7     85.18    270.00      9.78    158.14    -54.07   2011   6  30   0
   259.00   40.00   1000.35   11.4      0.00      0.00     -4.09    175.69    -71.63   2011   6  30   6
   259.00   40.00   1003.01   12.7      0.00      0.00      3.90    167.79    -66.49   2011   6  30  12
   260.00   40.00   1003.31   10.4     85.18     90.00    -18.78    155.01    -54.84   2011   6  30  18
   260.00   40.00   1000.81   10.8      0.00      0.00    -24.90    164.35    -55.34   2011   7   1   0
   260.00   40.00   1000.12   11.5      0.00      0.00    -13.39    184.19    -56.29   2011   7   1   6
   260.00   40.00   1003.26    7.8      0.00      0.00     -9.02    156.30    -39.94   2011   7   1  12
   260.00   40.00   1005.10   12.0      0.00      0.00    -14.06    144.89    -27.20   2011   7   1  18
   259.00   41.00   1002.58    7.4    139.69    323.07      1.28     98.49    -78.46   2011   7   2   0
   259.00   41.00   1003.16    8.3      0.00      0.00      5.92    120.67    -92.86   2011   7   2   6
start   017  2011      08    21    06    044
   271.00   16.00   1003.34   21.0   -999.00   -999.00   -999.00   -999.00   -999.00   2011   8  21   6
   271.00   16.00   1002.13   19.0      0.00      0.00      0.57     90.85     50.87   2011   8  21  12
   271.00   16.00   1002.97   16.5      0.00      0.00     -0.76     92.87     41.93   2011   8  21  18
   270.00   16.00   1001.59    9.5    106.89    270.00     11.47    113.91     36.26   2011   8  22   0
   270.00   16.00   1000.87    8.3      0.00      0.00     -1.16    106.73     33.01   2011   8  22   6
   270.00   16.00   1001.47    8.6      0.00      0.00      1.44    101.50     40.66   2011   8  22  12
   270.00   17.00   1002.56   13.9    111.20      0.00     -1.43     91.56     43.35   2011   8  22  18
   270.00   17.00   1000.01   13.0      0.00      0.00      0.32    102.41     64.48   2011   8  23   0
   268.00   19.00    998.06   24.1    306.91    316.74      8.06     55.25     77.33   2011   8  23   6
   266.00   20.00    995.41   22.9    237.30    298.08     11.73    109.24     85.52   2011   8  23  12
   265.00   20.00    992.41   24.2    104.49    270.00      3.89    121.05    129.01   2011   8  23  18
   265.00   21.00    990.32   29.5    111.20      0.00      7.98    105.17    103.30   2011   8  24   0
   263.00   22.00    988.29   28.0    234.90    298.41     11.36    174.27    128.80   2011   8  24   6
   263.00   22.00    988.29   37.5      0.00      0.00     20.05    146.46    149.85   2011   8  24  12
   262.00   22.00    989.29   23.5    103.10    270.00     -2.55     57.96     29.28   2011   8  24  18
   263.00   20.00    997.49   21.6    245.43    154.69    -22.52     68.20     40.23   2011   8  25   0
   263.00   20.00    999.73   24.8      0.00      0.00     20.17     64.45      5.84   2011   8  25   6
start   059  2011      08    30    06    046
   273.00   17.00   1003.70   16.3   -999.00   -999.00   -999.00   -999.00   -999.00   2011   8  30   6
   272.00   18.00   1002.43   13.1    153.66    316.51      2.28    125.60      8.15   2011   8  30  12
   272.00   19.00   1002.17   15.1    111.20      0.00    -14.11    124.61     18.11   2011   8  30  18
   272.00   20.00   1000.82   17.4    111.20      0.00    -18.08     89.22     28.84   2011   8  31   0
   271.00   20.00   1000.30   19.7    104.49    270.00    -10.66     91.78     -6.90   2011   8  31   6
   270.00   20.00    998.19   19.1    104.49    270.00    -11.66     96.45     18.97   2011   8  31  12
   271.00   21.00    996.17   24.2    152.36     42.95     13.88    115.76     28.17   2011   8  31  18
   270.00   21.00    993.54   20.7    103.81    270.00    -13.73     94.33     77.60   2011   9   1   0
   271.00   21.00    992.45   20.2    103.81     90.00      8.92    101.49     59.13   2011   9   1   6
   271.00   22.00    992.91   20.4    111.20      0.00     10.85     97.99     56.86   2011   9   1  12
   270.00   22.00    990.83   21.7    103.10    270.00     -2.15    111.92     66.08   2011   9   1  18
   270.00   23.00    988.58   24.7    111.20      0.00     22.20     74.87     86.02   2011   9   2   0
   269.00   24.00    986.28   23.7    150.88    317.68     18.40    114.34     67.69   2011   9   2   6
   268.00   25.00    982.73   32.4    150.34    317.91     18.49    117.73    107.20   2011   9   2  12
   267.00   25.00    978.26   30.8    100.78    270.00      8.98    137.97    170.36   2011   9   2  18
   266.00   26.00    973.05   40.1    149.79    318.15     13.88    146.05    179.97   2011   9   3   0
   264.00   27.00    964.53   43.1    227.98    299.39     12.55    205.08    217.10   2011   9   3   6
   263.00   28.00    954.45   45.5    148.64    318.66      6.29    178.06    188.61   2011   9   3  12
   262.00   29.00    972.11   42.1    148.04    318.93     -5.05    192.20    256.57   2011   9   3  18
   261.00   29.00    968.27   36.3     97.26    270.00    -12.59    138.04    197.36   2011   9   4   0
   260.00   30.00    972.73   29.4    147.42    319.21     -8.80    104.18    146.85   2011   9   4   6
   259.00   31.00    984.40   26.9    146.78    319.50     -8.81     99.47    158.34   2011   9   4  12
   259.00   31.00    989.84   23.7      0.00      0.00     -6.98     98.86    172.96   2011   9   4  18
   259.00   32.00    991.64   24.4    111.20      0.00    -16.55     78.96    139.97   2011   9   5   0
   258.00   33.00    992.60   20.6    145.46    320.12    -15.13     91.09    128.46   2011   9   5   6
   259.00   33.00    991.86   20.7     93.26     90.00     13.34     85.26    138.55   2011   9   5  12
   259.00   33.00    994.23   21.6      0.00      0.00    -11.02     64.91    138.94   2011   9   5  18
   260.00   34.00    992.22   20.2    144.79     39.55     -4.26     52.01     93.84   2011   9   6   0
   261.00   34.00    992.55   20.9     92.19     90.00     17.09     72.49    136.65   2011   9   6   6
   261.00   34.00    993.81   20.4      0.00      0.00     -7.32     62.88    129.02   2011   9   6  12
   262.00   35.00    993.16   20.0    144.09     39.21     -3.24     76.39    136.12   2011   9   6  18
   262.00   35.00    990.46   22.6      0.00      0.00    -20.57     90.59    145.49   2011   9   7   0
   263.00   36.00    986.20   25.6    143.39     38.86      1.49     92.44    131.15   2011   9   7   6
   264.00   37.00    987.96   24.4    142.67     38.50     -0.51    108.36    176.97   2011   9   7  12
   264.00   38.00    989.08   24.0    111.20      0.00    -14.11    132.52    187.66   2011   9   7  18
   265.00   38.00    987.07   25.6     87.63     90.00     15.43     97.80    182.41   2011   9   8   0
   266.00   39.00    987.06   25.5    141.20     37.74     -1.54     92.50    168.99   2011   9   8   6
   267.00   40.00    988.98   22.7    140.45     37.34      0.36     83.51    148.57   2011   9   8  12
   269.00   41.00    989.04   19.5    202.39     56.36     12.10     85.11    103.19   2011   9   8  18
   271.00   42.00    988.81   22.0    200.26     55.95     15.96     49.92     49.52   2011   9   9   0
   274.00   43.00    986.95   20.5    269.90     65.40     22.41     77.55     10.53   2011   9   9   6
   277.00   44.00    985.56   20.2    266.29     65.04     24.41     78.00      5.84   2011   9   9  12
   280.00   45.00    985.14   18.7    262.62     64.66     29.71     96.39    -49.52   2011   9   9  18
   280.00   45.00    985.14   26.3      0.00      0.00     12.29      3.34   -105.95   2011   9  10   0
   283.00   46.00    986.07   22.4    258.89     64.26     35.80    -15.82   -135.56   2011   9  10   6
   286.00   48.00    986.40   20.3    318.11     44.86     35.06   -113.09   -119.15   2011   9  10  12
   288.00   50.00    985.53   28.7    265.96     32.52     30.74   -131.11    -64.45   2011   9  10  18
   288.00   52.00    985.53   19.6    222.40      0.00     11.71    -68.23      3.12   2011   9  11   0
   288.00   53.00    985.23   15.9    111.20      0.00      7.87    -62.95     36.83   2011   9  11   6
   287.00   54.00    985.06   16.6    129.38    329.66      1.55      4.70     20.07   2011   9  11  12
   288.00   54.00    986.61   17.6     65.36     90.00     -2.38      1.87     22.25   2011   9  11  18
   288.00   54.00    989.54   18.3      0.00      0.00      4.21     -1.91     21.87   2011   9  12   0
   288.00   54.00    993.09   17.5      0.00      0.00     -1.97    -46.91     11.68   2011   9  12   6
   289.00   54.00    996.01   19.2     65.36     90.00    -10.87    -66.00    -14.73   2011   9  12  12
   290.00   53.00    997.74   19.7    129.38    148.85      7.93   -105.91    -46.16   2011   9  12  18
   298.00   52.00    999.24   17.8    552.53    101.46     -5.13   -109.16   -172.61   2011   9  13   0
   298.00   52.00   1000.33   14.0      0.00      0.00     19.92    -62.07   -109.10   2011   9  13   6
   297.00   52.00   1001.15   12.2     68.46    270.00     -2.38    -55.73   -164.03   2011   9  13  12
   296.00   51.00   1000.54   12.1    130.98    212.30     13.34   -100.20   -273.55   2011   9  13  18
start   038  2011      09    18    00    047
   276.00   22.00    989.19   18.5   -999.00   -999.00   -999.00   -999.00   -999.00   2011   9  18   0
   277.00   22.00    988.28   21.7    103.10     90.00      1.01     61.36     44.63   2011   9  18   6
   277.00   23.00    985.69   17.2    111.20      0.00     -8.60     62.67     78.03   2011   9  18  12
   275.00   24.00    982.03   25.7    232.29    298.77    -10.15     70.66     95.24   2011   9  18  18
   275.00   23.00    975.77   24.2    111.20    180.00     -2.05     52.61    102.04   2011   9  19   0
   275.00   24.00    975.21   24.6    111.20      0.00     -7.38     79.03    122.84   2011   9  19   6
   273.00   25.00    969.83   34.8    230.91    298.97      3.95     80.08    115.03   2011   9  19  12
   273.00   25.00    968.48   29.0      0.00      0.00     -1.07     66.84    162.92   2011   9  19  18
   271.00   26.00    965.98   29.1    229.47    299.17      8.75    109.23    149.50   2011   9  20   0
   271.00   27.00    964.50   29.0    111.20      0.00     -9.72    109.67    159.51   2011   9  20   6
   270.00   27.00    963.04   29.4     99.08    270.00      9.34     96.64    165.23   2011   9  20  12
   269.00   28.00    962.92   33.5    148.64    318.66      1.46    114.59    162.02   2011   9  20  18
   269.00   28.00    962.85   28.9      0.00      0.00      1.94     77.91    129.68   2011   9  21   0
   268.00   29.00    964.18   28.4    148.04    318.93      5.24    117.21    145.14   2011   9  21   6
   268.00   29.00    965.00   27.9      0.00      0.00      3.11     59.90    110.74   2011   9  21  12
   268.00   30.00    969.04   22.8    111.20      0.00     -5.23     86.91    118.49   2011   9  21  18
   267.00   30.00    972.39   18.9     96.30    270.00     -6.68     66.24     79.13   2011   9  22   0
   266.00   30.00    976.18   18.3     96.30    270.00     -3.85     80.32     90.73   2011   9  22   6
   266.00   30.00    979.52   15.6      0.00      0.00      4.45     78.81     77.28   2011   9  22  12
   266.00   31.00    983.22   14.1    111.20      0.00      3.85     70.61     81.09   2011   9  22  18
   265.00   32.00    986.56   17.9    146.13    319.81     -1.33    133.45     81.22   2011   9  23   0
   264.00   32.00    989.71   16.5     94.30    270.00     -6.44    128.99     66.90   2011   9  23   6
   264.00   32.00    992.72   18.4      0.00      0.00      4.49     90.56     37.30   2011   9  23  12
   264.00   32.00    995.99   17.0      0.00      0.00      1.97     77.89     45.51   2011   9  23  18
   263.00   32.00    998.18   16.3     94.30    270.00     -7.60     73.77     27.58   2011   9  24   0
   263.00   31.00   1000.07   15.0    111.20    180.00      3.68     34.99     34.08   2011   9  24   6
   263.00   31.00   1001.94   13.1      0.00      0.00     -2.69     34.62     24.14   2011   9  24  12
   263.00   30.00   1003.39   11.6    111.20    180.00     -1.87     11.61     32.65   2011   9  24  18
   263.00   29.00   1002.78    7.5    111.20    180.00     -2.39    -14.15     34.55   2011   9  25   0
   265.00   30.00   1003.82    6.1    223.23     59.91      7.11     10.84     42.51   2011   9  25   6
   265.00   33.00   1003.54    7.9    333.60      0.00      0.23     39.71    -26.18   2011   9  25  12
   265.00   34.00   1004.07   12.9    111.20      0.00      3.88     82.57    -69.69   2011   9  25  18
   267.00   34.00   1002.80   12.0    184.37     90.00     23.92     59.10    -69.57   2011   9  26   0
   269.00   34.00   1003.03    9.2    184.37     90.00     30.04     45.16    -97.66   2011   9  26   6
   272.00   35.00   1001.55    9.9    296.55     67.77     46.03     61.02   -193.20   2011   9  26  12
   273.00   34.00    999.27   12.5    144.09    140.22     21.30     24.16   -155.20   2011   9  26  18
   276.00   34.00    997.37   13.6    276.55     90.00     60.78    -41.07   -225.81   2011   9  27   0
   279.00   34.00    996.08   16.7    276.55     90.00     68.95   -127.04   -230.74   2011   9  27   6
start   017  2011      09    30    06    049
   277.00   19.00   1003.07   14.2   -999.00   -999.00   -999.00   -999.00   -999.00   2011   9  30   6
   276.00   19.00   1000.50   16.2    105.14    270.00      9.67     49.04     52.58   2011   9  30  12
   275.00   19.00   1000.91   18.7    105.14    270.00     14.30    113.53     50.29   2011   9  30  18
   275.00   20.00    999.09   17.9    111.20      0.00      0.78     22.31     59.80   2011  10   1   0
   274.00   21.00    999.14   21.4    152.36    317.05      1.09     38.34     66.45   2011  10   1   6
   273.00   21.00    999.24   21.7    103.81    270.00      9.72     45.00    107.00   2011  10   1  12
   271.00   22.00    999.90   21.2    234.90    298.41      3.32     54.85     77.55   2011  10   1  18
   270.00   23.00    998.17   21.6    151.39    317.46     -5.85     78.95     69.10   2011  10   2   0
   269.00   23.00    997.13   24.2    102.36    270.00     -0.41     86.31     81.76   2011  10   2   6
   267.00   24.00    998.92   21.9    232.29    298.77     -7.47     76.45     89.05   2011  10   2  12
   266.00   24.00    994.69   24.9    101.58    270.00    -13.51    158.27    129.32   2011  10   2  18
   265.00   24.00    992.84   34.7    101.58    270.00    -12.87    213.87    159.59   2011  10   3   0
   265.00   24.00    991.97   40.7      0.00      0.00      0.80    185.79    209.85   2011  10   3   6
   264.00   24.00    987.74   49.3    101.58    270.00     -6.92    244.88    293.64   2011  10   3  12
   263.00   24.00    966.08   42.7    101.58    270.00    -12.35    192.57    197.84   2011  10   3  18
   262.00   24.00    988.57   22.5    101.58    270.00    -20.34     82.75     72.85   2011  10   4   0
   261.00   23.00   1001.27   15.6    150.88    222.72    -17.83     74.31     19.56   2011  10   4   6
start   027  2011      10    09    00    050
   273.00   18.00   1003.20   12.7   -999.00   -999.00   -999.00   -999.00   -999.00   2011  10   9   0
   273.00   18.00   1002.37   15.2      0.00      0.00      8.50    156.39     35.99   2011  10   9   6
   273.00   18.00    998.32   17.3      0.00      0.00      9.32    165.95     65.04   2011  10   9  12
   273.00   18.00    998.46   24.5      0.00      0.00      9.74    153.53     59.93   2011  10   9  18
   274.00   18.00    997.78   27.0    105.76     90.00     -5.86    197.76     68.16   2011  10  10   0
   274.00   19.00    988.47   25.0    111.20      0.00      1.64    266.44    145.82   2011  10  10   6
   274.00   19.00    983.35   33.8      0.00      0.00      0.04    156.74    101.53   2011  10  10  12
   274.00   20.00    983.18   37.2    111.20      0.00     -3.51    200.44    191.33   2011  10  10  18
   274.00   20.00    982.92   45.3      0.00      0.00     -4.54    151.60    113.65   2011  10  11   0
   274.00   21.00    972.81   41.9    111.20      0.00     -4.87    145.44    100.00   2011  10  11   6
   274.00   22.00    980.03   50.8    111.20      0.00      0.52    197.43    200.52   2011  10  11  12
   274.00   22.00    975.22   55.4      0.00      0.00      0.59    148.25    162.67   2011  10  11  18
   274.00   23.00    980.09   42.2    111.20      0.00     -4.07    118.63    114.21   2011  10  12   0
   273.00   24.00    986.29   42.3    150.88    317.68      2.60    181.51    210.57   2011  10  12   6
   272.00   27.00    976.25   55.4    348.36    343.60      3.08    205.25    222.58   2011  10  12  12
   271.00   28.00    980.36   48.0    148.64    318.66     -6.50    225.41    218.94   2011  10  12  18
   270.00   28.00    972.77   33.4     98.18    270.00    -15.13    184.31    186.74   2011  10  13   0
   267.00   29.00    992.76   23.0    313.54    290.94    -11.67    336.22    248.09   2011  10  13   6
   266.00   30.00    995.31   18.3    147.42    319.21      1.38    204.85    251.92   2011  10  13  12
   267.00   29.00    992.76   30.5    147.42    138.72      7.25    148.62    101.98   2011  10  13  18
   266.00   30.00    995.31   22.0    147.42    319.21     -8.51    137.37    116.72   2011  10  14   0
   265.00   30.00   1003.95   18.0     96.30    270.00     -5.97    113.30     35.10   2011  10  14   6
   264.00   31.00   1007.15   14.9    146.78    319.50     -5.13     83.50     -1.49   2011  10  14  12
   264.00   32.00   1010.48   12.1    111.20      0.00     -1.39     58.68    -31.35   2011  10  14  18
   264.00   33.00   1012.78    9.6    111.20      0.00     -2.72     90.01    -83.65   2011  10  15   0
   264.00   32.00   1013.97    8.2    111.20    180.00     -2.50     83.58    -59.11   2011  10  15   6
   264.00   32.00   1014.47   11.9      0.00      0.00      4.15     87.79    -57.29   2011  10  15  12
start   016  2011      10    13    06    051
   283.00   15.00   1003.20   24.0   -999.00   -999.00   -999.00   -999.00   -999.00   2011  10  13   6
   281.00   16.00    999.74   26.2    241.44    297.54      4.08     15.94     89.83   2011  10  13  12
   279.00   17.00    998.49   23.7    240.49    297.66      2.87     19.54     94.93   2011  10  13  18
   278.00   18.00    993.49   25.6    153.66    316.51      0.45     85.69    122.01   2011  10  14   0
   276.00   19.00    991.72   27.0    238.42    297.93      5.43    112.23    146.46   2011  10  14   6
   274.00   19.00    988.60   26.9    210.28    270.00     22.70    155.90    149.66   2011  10  14  12
   272.00   20.00    987.19   29.6    237.30    298.08     12.99    130.89    140.22   2011  10  14  18
   270.00   20.00    986.17   28.5    208.98    270.00     14.83    113.55    135.22   2011  10  15   0
   269.00   20.00    983.89   29.4    104.49    270.00     12.68    109.27    121.49   2011  10  15   6
   268.00   20.00    980.81   29.1    104.49    270.00     15.46    140.24    131.31   2011  10  15  12
   267.00   20.00    974.69   34.4    104.49    270.00     13.11    226.94    191.89   2011  10  15  18
   266.00   20.00    969.16   37.8    104.49    270.00      8.36    248.77    173.09   2011  10  16   0
   265.00   20.00    973.89   47.8    104.49    270.00      7.72    212.42    178.73   2011  10  16   6
   264.00   21.00    976.44   42.5    152.36    317.05      6.17    107.40    130.06   2011  10  16  12
   263.00   20.00    985.21   34.0    152.36    223.30    -24.13    176.26     40.30   2011  10  16  18
   263.00   20.00    997.01   22.0      0.00      0.00     28.21     94.61      7.97   2011  10  17   0
start   083  2011      11    03    06    052
   280.00   17.00    999.51   18.2   -999.00   -999.00   -999.00   -999.00   -999.00   2011  11   3   6
   280.00   17.00    998.04   18.0      0.00      0.00      3.04    104.57     39.71   2011  11   3  12
   279.00   17.00    998.56   16.5    106.34    270.00     -5.42    105.53     40.31   2011  11   3  18
   278.00   17.00    996.04   20.1    106.34    270.00      2.49    137.52     50.14   2011  11   4   0
   277.00   17.00    995.44   20.8    106.34    270.00     10.88    201.22    101.34   2011  11   4   6
   277.00   18.00    987.53   29.3    111.20      0.00     17.29    221.65    104.83   2011  11   4  12
   277.00   18.00    985.65   39.0      0.00      0.00     12.46    159.29    119.89   2011  11   4  18
   277.00   19.00    976.39   49.9    111.20      0.00     15.66    216.51    172.50   2011  11   5   0
   278.00   19.00    962.36   51.8    105.14     90.00     -2.22    197.90    236.03   2011  11   5   6
   279.00   19.00    954.15   50.6    105.14     90.00      1.31    211.06    248.25   2011  11   5  12
   280.00   19.00    975.65   40.4    105.14     90.00      0.42    254.45    306.80   2011  11   5  18
   282.00   20.00    963.73   42.6    237.30     61.92      9.70     92.14    133.90   2011  11   6   0
   283.00   21.00    973.29   31.8    152.36     42.95     24.60    178.10    233.21   2011  11   6   6
   285.00   22.00    977.09   46.7    234.90     61.59     25.95    148.00    203.35   2011  11   6  12
   286.00   22.00    954.28   51.8    103.10     90.00     13.07    196.89    159.25   2011  11   6  18
   287.00   22.00    975.54   49.9    103.10     90.00      4.95    212.71    175.71   2011  11   7   0
   288.00   23.00    953.81   57.1    151.39     42.54     17.21    249.33    169.66   2011  11   7   6
   289.00   23.00    943.49   49.1    102.36     90.00      8.18    289.49    311.90   2011  11   7  12
   290.00   23.00    962.94   47.3    102.36     90.00      1.63    283.99    247.10   2011  11   7  18
   290.00   23.00    964.82   46.3      0.00      0.00      4.50    205.85     98.74   2011  11   8   0
   291.00   24.00    968.80   46.0    150.88     42.32     10.65    240.33    279.15   2011  11   8   6
   291.00   24.00    940.65   48.2      0.00      0.00     -3.16    249.19    228.52   2011  11   8  12
   292.00   25.00    981.96   58.5    150.34     42.10      6.90    209.19    270.10   2011  11   8  18
   292.00   25.00    963.56   46.6      0.00      0.00     -0.71    173.52    288.11   2011  11   9   0
   294.00   29.00    972.62   39.5    486.91     23.36     20.41    258.21    286.51   2011  11   9   6
   295.00   30.00    977.93   42.6    147.42     40.79     31.57    213.10    226.81   2011  11   9  12
   296.00   32.00    972.82   45.4    241.96     22.83     20.21    315.50    164.88   2011  11   9  18
   296.00   32.00    964.85   43.4      0.00      0.00      3.02    206.85    304.05   2011  11  10   0
   297.00   32.00    964.92   41.9     94.30     90.00     15.24    249.85    305.95   2011  11  10   6
   298.00   32.00    964.58   47.6     94.30     90.00      8.88    109.79    171.82   2011  11  10  12
   299.00   31.00    965.04   43.9    146.13    139.29      0.03    152.93    258.40   2011  11  10  18
   299.00   30.00    970.67   46.3    111.20    180.00     -6.91    115.48    188.18   2011  11  11   0
   300.00   28.00    979.59   43.8    242.73    156.01     -6.96    135.40    265.68   2011  11  11   6
   299.00   27.00    971.93   40.4    148.64    221.81      2.35    139.42    252.45   2011  11  11  12
   299.00   26.00    969.91   41.3    111.20    180.00      3.72    128.64    245.92   2011  11  11  18
   298.00   26.00    963.75   43.9     99.94    270.00      0.03    163.07    297.72   2011  11  12   0
   297.00   26.00    968.28   43.1     99.94    270.00     -5.93    187.81    273.32   2011  11  12   6
   296.00   27.00    972.96   38.7    149.22    318.39     -1.46    232.03    346.78   2011  11  12  12
   295.00   27.00    969.24   40.9     99.08    270.00    -12.92    222.72    267.02   2011  11  12  18
   294.00   27.00    975.65   44.1     99.08    270.00     -4.89    186.19    200.10   2011  11  13   0
   293.00   28.00    973.39   35.0    148.64    318.66     -1.22    240.78    216.91   2011  11  13   6
   292.00   28.00    978.72   41.4     98.18    270.00     -2.55    217.54    200.94   2011  11  13  12
   292.00   29.00    979.33   36.8    111.20      0.00     -6.80    200.26    229.23   2011  11  13  18
   292.00   29.00    984.96   40.2      0.00      0.00    -15.39    283.40    215.15   2011  11  14   0
   291.00   30.00    987.44   38.6    147.42    319.21    -19.62    318.94    234.73   2011  11  14   6
   291.00   31.00    978.28   36.3    111.20      0.00      1.37    291.92    287.87   2011  11  14  12
   290.00   31.00    989.75   34.7     95.32    270.00     -9.75    250.36    279.99   2011  11  14  18
   290.00   30.00    992.09   33.0    111.20    180.00     -3.41    201.40    209.12   2011  11  15   0
   288.00   28.00    998.86   29.2    295.45    221.66      5.28    154.79    220.39   2011  11  15   6
   287.00   27.00    996.78   31.5    148.64    221.81      7.13    149.90    172.27   2011  11  15  12
   285.00   26.00    999.73   31.9    227.98    241.00      8.35    137.86    156.57   2011  11  15  18
   283.00   25.00    999.99   25.8    229.47    241.20     -0.18    171.48    108.44   2011  11  16   0
   281.00   24.00   1002.24   25.0    230.91    241.39     -1.22    168.01    104.81   2011  11  16   6
   278.00   23.00   1002.13   28.2    325.50    250.15      3.68    102.25     90.67   2011  11  16  12
   276.00   23.00   1001.60   24.0    204.72    270.00      8.59    116.02     70.36   2011  11  16  18
   275.00   23.00   1000.75   22.1    102.36    270.00      6.14    109.02     63.73   2011  11  17   0
   273.00   22.00   1000.99   25.8    233.62    241.74     -0.27    129.89     49.67   2011  11  17   6
   272.00   22.00    998.34   27.1    103.10    270.00      8.96    135.46     47.59   2011  11  17  12
   271.00   22.00    996.48   26.1    103.10    270.00      4.76    146.63     85.94   2011  11  17  18
   270.00   22.00    994.96   32.2    103.10    270.00      2.61    182.37     79.46   2011  11  18   0
   269.00   22.00    996.28   36.0    103.10    270.00     -0.12    175.23     82.34   2011  11  18   6
   268.00   23.00    995.58   31.4    151.39    317.46     10.55    197.70     81.35   2011  11  18  12
   268.00   23.00    983.12   31.1      0.00      0.00     20.82    166.86    108.17   2011  11  18  18
   268.00   24.00    996.30   34.6    111.20      0.00      8.71    168.03    183.55   2011  11  19   0
   268.00   24.00    996.34   32.6      0.00      0.00      3.36    269.14     97.57   2011  11  19   6
   268.00   25.00    986.70   36.8    111.20      0.00      1.19    162.88    106.69   2011  11  19  12
   268.00   26.00    986.60   35.1    111.20      0.00      0.70     97.32    100.24   2011  11  19  18
   269.00   26.00    991.35   33.0     99.94     90.00     12.96    168.79    141.85   2011  11  20   0
   269.00   27.00    997.19   24.7    111.20      0.00     -5.80    119.78    158.90   2011  11  20   6
   270.00   27.00    992.28   30.2     99.08     90.00      9.23     96.13    129.61   2011  11  20  12
   271.00   28.00    996.43   32.3    148.64     41.34      3.58    152.14    205.37   2011  11  20  18
   272.00   28.00    994.45   33.0     98.18     90.00     11.68     93.45     34.90   2011  11  21   0
   273.00   28.00   1001.38   28.6     98.18     90.00      6.75    141.42     67.89   2011  11  21   6
   275.00   28.00   1005.72   25.1    196.36     90.00      6.27    107.98     69.30   2011  11  21  12
   275.00   28.00   1010.84   21.6      0.00      0.00     -6.71     84.68     17.91   2011  11  21  18
   274.00   29.00   1002.85   31.1    148.04    318.93     -8.37    104.58     -7.07   2011  11  22   0
   275.00   28.00   1005.72   27.2    148.04    138.45      2.66    125.43    -51.56   2011  11  22   6
   275.00   28.00   1007.91   23.2      0.00      0.00      2.06    119.97    -62.91   2011  11  22  12
   275.00   28.00   1010.84   25.4      0.00      0.00     -1.73     92.97    -47.98   2011  11  22  18
   275.00   29.00   1012.40   18.6    111.20      0.00     -5.55    117.56    -73.40   2011  11  23   0
   274.00   29.00   1015.80   19.8     97.26    270.00    -18.36    128.30    -89.58   2011  11  23   6
   274.00   29.00   1016.28   17.5      0.00    180.00      7.31     80.28    -79.71   2011  11  23  12
   273.00   30.00   1019.53   11.7    147.42    319.21    -16.97     67.59    -99.02   2011  11  23  18
start   037  2012      08    05    18    075
   313.00   19.00   1012.14   17.6   -999.00   -999.00   -999.00   -999.00   -999.00   2012   8   5  18
   311.00   20.00   1010.30   19.4    237.30    298.08     -4.76     -0.41     84.42   2012   8   6   0
   309.00   21.00   1009.07   21.9    236.13    298.24     -3.85      2.34    102.27   2012   8   6   6
   307.00   21.00   1006.66   24.1    207.62    270.00      0.08      6.59    103.37   2012   8   6  12
   305.00   22.00   1005.28   23.8    234.90    298.41      2.61     25.00    106.04   2012   8   6  18
   302.00   23.00   1002.76   25.9    327.64    289.97      4.09     37.56    130.53   2012   8   7   0
   300.00   23.00   1000.20   31.2    204.72    270.00     14.73     73.94    138.93   2012   8   7   6
   298.00   24.00    995.96   33.4    232.29    298.77      7.64    103.07    198.62   2012   8   7  12
   296.00   24.00    991.85   32.2    203.17    270.00     14.22    164.01    201.78   2012   8   7  18
   294.00   25.00    987.32   35.8    230.91    298.97      2.76    107.77    197.00   2012   8   8   0
   292.00   25.00    986.66   42.2    201.56    270.00     10.36    123.39    207.28   2012   8   8   6
   290.00   26.00    979.19   57.8    229.47    299.17      1.76    169.44    238.06   2012   8   8  12
   289.00   26.00    965.96   48.9     99.94    270.00     10.30    169.87    234.04   2012   8   8  18
   287.00   27.00    964.98   38.8    227.98    299.39      1.82    209.98    370.97   2012   8   9   0
   286.00   27.00    959.59   52.1     99.08    270.00     10.22    143.72    256.35   2012   8   9   6
   285.00   28.00    943.98   61.7    148.64    318.66      1.83    171.16    307.41   2012   8   9  12
   284.00   29.00    950.26   65.3    148.04    318.93     -2.13    160.38    294.82   2012   8   9  18
   283.00   30.00    943.18   55.6    147.42    319.21      0.90    189.99    324.16   2012   8  10   0
   282.00   31.00    964.04   55.6    146.78    319.50      2.97    185.33    345.97   2012   8  10   6
   282.00   32.00    943.89   46.2    111.20      0.00     -2.29    202.76    422.88   2012   8  10  12
   282.00   33.00    947.26   46.9    111.20      0.00     -1.18    209.67    420.73   2012   8  10  18
   282.00   34.00    963.10   58.8    111.20      0.00     -1.35    139.93    302.50   2012   8  11   0
   283.00   35.00    964.04   53.0    144.09     39.21     -5.52    159.24    319.26   2012   8  11   6
   284.00   36.00    965.20   51.0    143.39     38.86      0.05    147.13    287.06   2012   8  11  12
   285.00   37.00    967.81   50.1    142.67     38.50      6.23    196.27    347.61   2012   8  11  18
   288.00   39.00    972.19   54.8    344.30     49.14      8.37    172.68    364.20   2012   8  12   0
   289.00   41.00    962.76   46.9    238.15     20.52     16.41    176.04    345.49   2012   8  12   6
   290.00   43.00    957.69   37.9    237.25     19.94     12.41     59.40    217.17   2012   8  12  12
   290.00   44.00    972.83   21.0    111.20      0.00      8.82    -31.16     54.96   2012   8  12  18
   289.00   44.00    985.18   18.4     79.99    270.00     -3.69    -42.06     10.09   2012   8  13   0
   291.00   43.00    997.81   15.2    195.92    124.24     10.25    -73.84    -49.24   2012   8  13   6
   291.00   43.00    997.81   18.5      0.00      0.00     -8.04    -79.78    -29.37   2012   8  13  12
   292.00   43.00   1000.22   19.7     81.33     90.00     18.43    -77.30     -7.47   2012   8  13  18
   294.00   43.00   1003.78   22.7    162.65     90.00     20.52    -55.83    -26.98   2012   8  14   0
   297.00   43.00   1007.40   20.8    243.96     90.00     22.22    -62.73    -46.69   2012   8  14   6
   300.00   44.00   1009.00   21.3    266.29     65.04     20.56   -122.43    -81.64   2012   8  14  12
   304.00   45.00   1011.48   21.0    336.13     70.44     28.38   -206.40   -116.09   2012   8  14  18
start   066  2012      08    27    12    079
   279.00   27.00   1006.82   17.0   -999.00   -999.00   -999.00   -999.00   -999.00   2012   8  27  12
   278.00   28.00   1009.26   16.9    148.64    318.66      7.36    114.43     40.58   2012   8  27  18
   277.00   28.00   1010.33   18.6     98.18    270.00      8.25     52.67     25.96   2012   8  28   0
   277.00   29.00   1007.62   17.8    111.20      0.00     -0.24     65.17     32.77   2012   8  28   6
   276.00   30.00   1010.15   12.6    147.42    319.21      5.53     86.07     32.63   2012   8  28  12
   276.00   30.00   1010.37   14.1      0.00      0.00     -0.31     61.15     -8.89   2012   8  28  18
   275.00   31.00   1009.49   12.5    146.78    319.50      4.87     73.01     31.06   2012   8  29   0
   275.00   31.00   1010.22   11.0      0.00      0.00     -1.24     59.06     24.47   2012   8  29   6
   274.00   32.00   1009.35    8.1    146.13    319.81      5.93     75.55     35.83   2012   8  29  12
   274.00   32.00   1010.56   11.6      0.00      0.00     -1.59     75.50     39.62   2012   8  29  18
   273.00   32.00   1009.81   10.6     94.30    270.00     12.14     66.56     52.40   2012   8  30   0
   272.00   33.00   1008.61   12.9    145.46    320.12     -2.04     74.09     79.80   2012   8  30   6
   272.00   33.00   1004.55   16.9      0.00      0.00     -8.43     84.97    113.61   2012   8  30  12
   272.00   33.00   1000.06   12.9      0.00      0.00    -11.94     91.82    148.00   2012   8  30  18
   272.00   33.00   1000.16   18.1      0.00      0.00    -14.92     91.45    124.95   2012   8  31   0
   272.00   33.00   1004.98   20.3      0.00      0.00    -13.58     60.58     71.57   2012   8  31   6
   273.00   33.00   1004.53   18.8     93.26     90.00     -5.18     62.74     77.41   2012   8  31  12
   273.00   33.00   1007.25   16.3      0.00      0.00    -12.08     64.27     23.99   2012   8  31  18
   274.00   33.00   1002.36   17.1     93.26     90.00     -7.03     80.54     36.48   2012   9   1   0
   274.00   33.00   1002.29   16.2      0.00      0.00    -13.92     32.16      6.66   2012   9   1   6
   275.00   32.00    999.27   15.6    145.46    139.59      6.80     87.82    -13.29   2012   9   1  12
   276.00   31.00    999.51   18.2    146.13    139.29      7.03     56.21    -32.60   2012   9   1  18
   276.00   30.00    998.66   21.3    111.20    180.00     20.19     88.25   -109.78   2012   9   2   0
   277.00   30.00    996.45   19.7     96.30     90.00     -0.45     44.19    -53.07   2012   9   2   6
   277.00   29.00    997.76   19.7    111.20    180.00     20.72    114.10   -149.66   2012   9   2  12
   278.00   29.00    994.19   19.8     97.26     90.00     12.38     97.82    -83.36   2012   9   2  18
   278.00   28.00    993.08   20.0    111.20    180.00     16.39    144.52    -99.25   2012   9   3   0
   278.00   28.00    994.96   19.6      0.00      0.00    -12.56    230.81    -61.51   2012   9   3   6
   279.00   27.00    994.21   25.2    148.64    138.19     23.36    162.58    -63.54   2012   9   3  12
   279.00   26.00    993.16   27.1    111.20    180.00     12.37    143.02    -25.15   2012   9   3  18
   279.00   25.00    991.96   27.3    111.20    180.00      8.39    145.64    -36.49   2012   9   4   0
   279.00   25.00    990.24   28.0      0.00      0.00    -14.48    175.77      1.02   2012   9   4   6
   279.00   25.00    986.41   35.6      0.00      0.00    -12.30    227.49    -23.68   2012   9   4  12
   279.00   25.00    987.81   30.6      0.00      0.00     -6.24    226.32     79.04   2012   9   4  18
   280.00   26.00    990.28   38.0    149.79     41.85     21.46    219.53     64.56   2012   9   5   0
   279.00   26.00    991.62   35.1     99.94    270.00    -19.75    134.07    123.04   2012   9   5   6
   279.00   28.00    984.86   26.7    222.40      0.00     14.78    156.09    142.16   2012   9   5  12
   279.00   29.00    986.24   32.7    111.20      0.00     18.31    121.43    121.60   2012   9   5  18
   278.00   30.00    989.60   20.8    147.42    319.21     16.57    108.31    148.78   2012   9   6   0
   276.00   31.00    994.78   15.7    221.54    300.35     17.45    124.10    116.97   2012   9   6   6
   275.00   32.00    998.73   12.1    146.13    319.81     12.78     -1.60     83.79   2012   9   6  12
   274.00   33.00   1003.58    9.9    145.46    320.12      2.69    -37.40     66.28   2012   9   6  18
   274.00   33.00   1003.58   10.7      0.00      0.00     -6.39    -39.39     35.29   2012   9   7   0
   274.00   34.00   1005.98   10.0    111.20      0.00     -8.87    -51.72     47.17   2012   9   7   6
   274.00   34.00   1007.69   10.1      0.00      0.00     -6.45    -34.09     23.46   2012   9   7  12
   273.00   35.00   1009.95    7.8    144.09    320.79     -7.17    -24.63    -26.27   2012   9   7  18
   272.00   36.00   1010.13    6.5    143.39    321.14    -14.89    -64.41    -84.39   2012   9   8   0
   269.00   34.00   1011.96    5.9    352.29    231.43      3.10    -68.73    -60.30   2012   9   8   6
   269.00   33.00   1014.36    8.1    111.20    180.00     11.63    -63.79    -63.56   2012   9   8  12
   269.00   33.00   1016.47    8.2      0.00      0.00    -10.77    -56.31    -82.90   2012   9   8  18
   265.00   33.00   1014.09    9.5    373.01    270.00     -0.69    -27.76   -104.66   2012   9   9   0
   264.00   32.00   1014.39    9.8    145.46    220.41     11.53    -36.43   -109.70   2012   9   9   6
   263.00   33.00   1016.05    8.8    145.46    320.12     -5.92    -25.25   -109.64   2012   9   9  12
   263.00   33.00   1017.23    8.4      0.00      0.00    -14.01    -23.01   -104.95   2012   9   9  18
   261.00   34.00   1014.71    9.4    216.23    301.20     -3.69     14.20    -68.88   2012   9  10   0
   261.00   34.00   1014.02    7.9      0.00      0.00    -17.10     11.05    -78.56   2012   9  10   6
   261.00   34.00   1014.61    8.8      0.00      0.00    -17.32     23.40    -82.70   2012   9  10  12
   261.00   34.00   1014.22   11.3      0.00      0.00    -19.75      8.83    -72.25   2012   9  10  18
   261.00   37.00   1011.68    7.8    333.60      0.00    -21.53     14.54    -66.45   2012   9  11   0
   262.00   36.00   1011.27   13.1    142.67    140.91     18.16     -6.78    -37.00   2012   9  11   6
   261.00   34.00   1012.03   12.8    240.32    202.69     17.09      4.76    -60.21   2012   9  11  12
   262.00   34.00   1012.75    8.4     92.19     90.00    -11.39    -66.28    -48.73   2012   9  11  18
   261.00   33.00   1011.38   11.8    144.79    220.10     29.08    -45.43    -44.94   2012   9  12   0
   261.00   34.00   1011.70   13.5    111.20      0.00    -23.06    -18.34    -41.54   2012   9  12   6
   261.00   34.00   1014.20    7.6      0.00      0.00    -21.00    -16.04    -46.08   2012   9  12  12
   262.00   37.00   1015.59    6.9    345.65     14.75    -32.17    114.33    -70.01   2012   9  12  18
start   032  2012      09    01    06    081
   295.00   21.00   1005.57   15.7   -999.00   -999.00   -999.00   -999.00   -999.00   2012   9   1   6
   294.00   21.00   1003.63   16.8    103.81    270.00      0.57     43.56     45.49   2012   9   1  12
   293.00   21.00   1002.78   18.7    103.81    270.00      6.00     75.72     49.50   2012   9   1  18
   292.00   21.00   1001.01   18.1    103.81    270.00      4.88     93.49     34.50   2012   9   2   0
   292.00   21.00    999.76   22.7      0.00      0.00     -9.56     96.86     39.03   2012   9   2   6
   292.00   22.00    996.80   24.0    111.20      0.00    -14.57     80.52    109.44   2012   9   2  12
   291.00   23.00    994.53   27.1    151.39    317.46     -9.76    160.68     43.62   2012   9   2  18
   291.00   24.00    987.76   31.7    111.20      0.00     -9.74    113.73    143.76   2012   9   3   0
   291.00   25.00    983.18   37.1    111.20      0.00     -9.72    199.54    231.54   2012   9   3   6
   290.00   26.00    972.31   41.9    149.79    318.15     -3.96    241.07    299.47   2012   9   3  12
   290.00   27.00    964.99   41.1    111.20      0.00      0.72    247.33    241.40   2012   9   3  18
   290.00   28.00    961.02   50.2    111.20      0.00      6.23    230.90    314.33   2012   9   4   0
   290.00   30.00    956.56   50.8    222.40      0.00      5.64    261.72    349.19   2012   9   4   6
   290.00   31.00    949.78   55.2    111.20      0.00     11.58    188.64    302.04   2012   9   4  12
   290.00   33.00    960.53   46.4    222.40      0.00     13.56    320.73    345.53   2012   9   4  18
   290.00   34.00    946.18   47.5    111.20      0.00     12.11    298.03    261.81   2012   9   5   0
   289.00   35.00    957.02   53.4    144.09    320.79     14.80    222.69    285.38   2012   9   5   6
   288.00   36.00    956.31   50.4    143.39    321.14      9.12    228.04    298.99   2012   9   5  12
   287.00   37.00    957.85   45.6    142.67    321.50      1.53    234.97    321.95   2012   9   5  18
   286.00   37.00    970.79   38.3     88.81    270.00      2.36    186.93    317.07   2012   9   6   0
   285.00   38.00    973.06   37.5    141.94    321.88     -2.53     61.48    261.80   2012   9   6   6
   284.00   39.00    987.75   27.8    141.20    322.26     -7.45     12.26    248.08   2012   9   6  12
   284.00   41.00    998.30   22.2    222.40      0.00     -5.42    -93.54     94.32   2012   9   6  18
   285.00   43.00   1005.06   11.1    237.25     19.94      4.13    -84.04     35.10   2012   9   7   0
   287.00   45.00   1004.15   17.6    273.94     35.04     11.47    -81.98    -70.64   2012   9   7   6
   292.00   46.00   1001.87   22.9    405.18     73.85     23.06    -78.59   -119.50   2012   9   7  12
   297.00   47.00    998.88   27.1    398.47     73.57     29.68   -112.69   -174.73   2012   9   7  18
   302.00   47.00    997.55   31.4    379.12     90.00     41.98    -74.84   -201.35   2012   9   8   0
   308.00   48.00    995.13   26.6    464.13     75.93     64.57   -130.68   -242.21   2012   9   8   6
   313.00   48.00    993.58   25.6    371.97     90.00     70.43   -217.07   -246.29   2012   9   8  12
   320.00   49.00    993.99   25.7    527.42     77.64     91.58   -369.89   -353.13   2012   9   8  18
   326.00   50.00    994.99   24.7    447.21     75.38    105.82   -423.08   -388.50   2012   9   9   0
start   027  2012      09    12    12    084
   294.00   19.00   1006.91   16.4   -999.00   -999.00   -999.00   -999.00   -999.00   2012   9  12  12
   292.00   20.00   1006.14   17.1    237.30    298.08     -9.33     -1.84     91.36   2012   9  12  18
   291.00   20.00   1002.89   20.8    104.49    270.00     -8.59      1.10    112.79   2012   9  13   0
   290.00   21.00   1000.29   23.0    152.36    317.05     -8.53     20.44    111.97   2012   9  13   6
   289.00   22.00    996.34   28.1    151.88    317.25     -8.73     49.90    121.74   2012   9  13  12
   288.00   22.00    993.85   27.4    103.10    270.00     -5.67     58.47     80.45   2012   9  13  18
   287.00   23.00    986.48   34.8    151.39    317.46     -9.15    224.13    129.30   2012   9  14   0
   286.00   24.00    983.20   39.7    150.88    317.67    -14.38    202.12    208.81   2012   9  14   6
   285.00   24.00    971.60   38.5    101.58    270.00     -8.52    272.09    218.55   2012   9  14  12
   284.00   25.00    977.01   40.4    150.34    317.91    -11.24    290.95    312.44   2012   9  14  18
   284.00   25.00    952.16   43.4      0.00      0.00    -13.08    276.28    215.91   2012   9  15   0
   283.00   25.00    974.83   56.3    100.78    270.00    -11.14    211.79    196.26   2012   9  15   6
   283.00   26.00    972.38   66.2    111.20      0.00     -9.88    265.08    315.11   2012   9  15  12
   282.00   26.00    936.87   59.1     99.94    270.00     -1.66    188.48    236.06   2012   9  15  18
   282.00   27.00    934.29   47.0    111.20      0.00     -2.08    239.27    334.14   2012   9  16   0
   282.00   27.00    952.22   53.5      0.00      0.00     -1.15    201.91    332.76   2012   9  16   6
   282.00   28.00    929.72   54.8    111.20      0.00      1.98     92.44    161.72   2012   9  16  12
   283.00   29.00    942.69   55.3    148.04     41.07     18.96    199.64    305.72   2012   9  16  18
   285.00   30.00    955.31   57.8    223.23     59.91     27.16    192.87    304.92   2012   9  17   0
   287.00   31.00    958.97   53.0    221.54     59.65     42.11    290.85    442.74   2012   9  17   6
   290.00   32.00    957.91   58.0    305.39     68.46     32.45    155.74    299.17   2012   9  17  12
   292.00   33.00    954.20   52.9    218.05     59.10     31.03    219.23    429.73   2012   9  17  18
   294.00   34.00    960.86   46.5    216.23     58.80     31.87    242.95    321.00   2012   9  18   0
   296.00   36.00    960.47   43.8    287.47     38.75     51.36    276.24    292.91   2012   9  18   6
   298.00   38.00    961.98   48.7    284.60     38.01     36.60    170.46    213.16   2012   9  18  12
   299.00   41.00    965.65   43.7    344.45     13.96     75.31    200.17    109.27   2012   9  18  18
   300.00   44.00    971.34   44.6    343.51     13.33     94.37     28.06    -45.36   2012   9  19   0
start   039  2012      09    13    00    085
   325.00   17.00   1004.25   16.4   -999.00   -999.00   -999.00   -999.00   -999.00   2012   9  13   0
   323.00   17.00   1003.95   14.8    212.68    270.00     -0.38     34.56     50.67   2012   9  13   6
   322.00   17.00   1002.82   15.9    106.34    270.00      4.32     27.39     53.58   2012   9  13  12
   321.00   18.00   1002.87   14.9    153.66    316.51      0.97     33.83     41.98   2012   9  13  18
   320.00   19.00   1002.50   17.2    153.25    316.68     -6.00     45.14     60.04   2012   9  14   0
   319.00   19.00   1003.12   17.2    105.14    270.00     -0.26     46.89     68.30   2012   9  14   6
   318.00   20.00   1002.33   19.2    152.81    316.86    -12.52     62.79     75.96   2012   9  14  12
   317.00   21.00   1002.50   19.7    152.36    317.05    -14.56     88.16     56.97   2012   9  14  18
   316.00   22.00   1001.93   19.2    151.88    317.25    -12.88    118.69     34.00   2012   9  15   0
   315.00   22.00   1002.24   19.0    103.10    270.00     -2.77    132.62    -17.84   2012   9  15   6
   314.00   23.00    999.90   20.0    151.39    317.46     -1.62    123.98      7.35   2012   9  15  12
   313.00   24.00    997.76   22.7    150.88    317.68      1.29    132.15     93.02   2012   9  15  18
   313.00   24.00    994.07   22.0      0.00      0.00     -6.77     97.38    118.93   2012   9  16   0
   313.00   25.00    990.08   27.0    111.20      0.00    -13.26    123.35    148.08   2012   9  16   6
   313.00   25.00    987.02   31.0      0.00      0.00    -14.54    119.71    156.48   2012   9  16  12
   312.00   26.00    982.13   32.3    149.79    318.15     -6.27    181.63    172.42   2012   9  16  18
   312.00   26.00    976.91   37.6      0.00      0.00      7.34    162.33    222.94   2012   9  17   0
   312.00   27.00    967.34   41.1    111.20      0.00     -0.44    219.42    246.18   2012   9  17   6
   312.00   28.00    966.27   46.2    111.20      0.00    -18.61    215.82    281.03   2012   9  17  12
   311.00   28.00    958.00   40.2     98.18    270.00     14.12    176.66    258.29   2012   9  17  18
   310.00   29.00    955.72   46.6    148.04    318.93     -1.00    209.93    304.69   2012   9  18   0
   310.00   30.00    959.29   46.6    111.20      0.00    -14.36    219.82    310.85   2012   9  18   6
   309.00   31.00    960.90   46.6    146.78    319.50      2.61    234.78    298.34   2012   9  18  12
   309.00   32.00    959.15   48.6    111.20      0.00     -4.13    243.92    286.60   2012   9  18  18
   309.00   33.00    955.32   47.0    111.20      0.00     -3.45    187.57    287.57   2012   9  19   0
   310.00   34.00    954.26   46.7    144.79     39.55    -13.90    202.92    303.83   2012   9  19   6
   310.00   35.00    951.92   48.1    111.20      0.00    -12.35    197.75    309.38   2012   9  19  12
   310.00   36.00    953.54   46.1    111.20      0.00     -2.18    216.17    336.59   2012   9  19  18
   311.00   37.00    958.90   42.5    142.67     38.50     -9.62    235.60    349.18   2012   9  20   0
   311.00   39.00    959.53   47.1    222.40      0.00      7.57    228.08    311.67   2012   9  20   6
   312.00   41.00    967.71   44.6    238.15     20.52      7.27    198.76    342.07   2012   9  20  12
   312.00   43.00    969.03   42.5    222.40      0.00     40.15    143.93    199.50   2012   9  20  18
   312.00   46.00    974.49   41.9    333.60      0.00     66.06     65.43     75.25   2012   9  21   0
   312.00   51.00    975.09   40.4    555.99      0.00     89.91     11.44     -0.36   2012   9  21   6
   312.00   55.00    972.61   36.3    444.80      0.00     53.93    -34.47    135.82   2012   9  21  12
   312.00   58.00    971.63   41.7    333.60      0.00     -4.41     29.99     78.29   2012   9  21  18
   311.00   61.00    980.28   34.6    338.33    350.91    -11.86     28.38   -183.72   2012   9  22   0
   306.00   65.00    982.07   27.0    511.08    332.47     18.94    195.39   -117.23   2012   9  22   6
   305.00   70.00    984.24   21.9    557.60    356.13     21.67    126.12   -133.70   2012   9  22  12
start   062  2012      09    25    00    086
   324.00   15.00   1007.17   11.5   -999.00   -999.00   -999.00   -999.00   -999.00   2012   9  25   0
   323.00   16.00   1007.08   11.9    154.42    316.19     -2.81      2.25     50.27   2012   9  25   6
   323.00   16.00   1005.87   12.7      0.00      0.00     -0.18     -4.96     54.97   2012   9  25  12
   322.00   16.00   1006.51   12.6    106.89    270.00     -8.88     -5.28     48.47   2012   9  25  18
   322.00   17.00   1006.11   11.6    111.20      0.00     -0.95      0.50     52.87   2012   9  26   0
   322.00   18.00   1005.68   12.3    111.20      0.00      0.19     11.43     52.77   2012   9  26   6
   322.00   18.00   1006.07   13.1      0.00      0.00      0.48      2.24     56.72   2012   9  26  12
   322.00   18.00   1005.78   12.6      0.00      0.00      0.00      4.77     65.72   2012   9  26  18
   322.00   19.00   1005.56   13.7    111.20      0.00     -0.12     13.21     68.03   2012   9  27   0
   321.00   19.00   1004.02   14.4    105.14    270.00    -11.56     34.03     53.17   2012   9  27   6
   321.00   19.00   1004.10   14.6      0.00      0.00      1.84     21.10     68.41   2012   9  27  12
   321.00   20.00   1003.25   16.8    111.20      0.00      3.50      7.23     89.27   2012   9  27  18
   320.00   20.00   1002.22   17.7    104.49    270.00     -0.72      6.81    102.68   2012   9  28   0
   320.00   20.00   1000.60   19.8      0.00      0.00     -2.45      8.86    121.85   2012   9  28   6
   319.00   20.00   1001.03   19.0    104.49    270.00      1.80      8.04    102.55   2012   9  28  12
   319.00   20.00   1001.04   18.7      0.00      0.00    -13.20     28.60    107.59   2012   9  28  18
   318.00   20.00   1001.87   19.6    104.49    270.00     -4.62     31.65     92.49   2012   9  29   0
   317.00   20.00   1001.66   20.3    104.49    270.00     -6.66     56.63     80.96   2012   9  29   6
   316.00   20.00   1002.98   19.0    104.49    270.00     -7.72     86.70     50.34   2012   9  29  12
   316.00   20.00   1003.25   19.0      0.00      0.00    -16.15    111.58     34.25   2012   9  29  18
   315.00   20.00   1004.38   18.7    104.49    270.00     -9.32    117.76     11.93   2012   9  30   0
   314.00   20.00   1004.62   17.3    104.49    270.00     -7.65    125.00      8.54   2012   9  30   6
   310.00   21.00   1005.87   19.2    431.19    285.04     -7.30     99.43     40.48   2012   9  30  12
   309.00   21.00   1005.42   19.3    103.81    270.00     -6.72    112.15     44.05   2012   9  30  18
   308.00   22.00   1006.07   19.5    151.88    317.25      3.26    125.07     52.62   2012  10   1   0
   307.00   22.00   1004.68   19.3    103.10    270.00    -11.41    113.02     41.25   2012  10   1   6
   306.00   22.00   1004.68   16.0    103.10    270.00     -7.22    104.55     38.45   2012  10   1  12
   305.00   23.00   1002.85   20.5    151.39    317.46      0.74    123.81     33.84   2012  10   1  18
   305.00   23.00   1002.07   19.0      0.00      0.00      5.64    121.88     29.88   2012  10   2   0
   305.00   24.00    999.42   20.4    111.20      0.00     -6.37    114.27     21.90   2012  10   2   6
   305.00   24.00    997.57   22.1      0.00      0.00    -12.98    125.61     26.84   2012  10   2  12
   305.00   25.00    989.90   29.1    111.20      0.00    -16.79    122.28     34.39   2012  10   2  18
   305.00   25.00    986.21   31.3      0.00      0.00    -18.78    135.03     48.25   2012  10   3   0
   305.00   26.00    975.92   36.9    111.20      0.00    -19.06    163.89     56.86   2012  10   3   6
   305.00   27.00    973.02   40.1    111.20      0.00    -18.74    156.98    133.09   2012  10   3  12
   305.00   27.00    955.00   40.0      0.00      0.00    -20.09    174.74    159.92   2012  10   3  18
   305.00   28.00    965.07   38.8    111.20      0.00     -9.83    241.94    213.22   2012  10   4   0
   305.00   28.00    962.84   37.5      0.00      0.00      1.78    241.74    250.74   2012  10   4   6
   305.00   29.00    964.85   39.5    111.20      0.00     -3.73    350.99    235.17   2012  10   4  12
   305.00   29.00    963.83   44.0      0.00      0.00      0.79    253.72    257.43   2012  10   4  18
   306.00   30.00    954.36   45.4    147.42     40.79     12.49    200.20    226.22   2012  10   5   0
   307.00   31.00    959.52   51.0    146.78     40.50      3.84    213.70    332.51   2012  10   5   6
   308.00   31.00    966.79   45.5     95.32     90.00      7.03    176.92    260.53   2012  10   5  12
   309.00   32.00    972.23   43.3    146.13     40.19    -12.03    184.92    266.34   2012  10   5  18
   311.00   33.00    972.16   42.9    218.05     59.10     -4.72    191.46    284.91   2012  10   6   0
   313.00   35.00    975.49   40.5    288.87     39.10     -8.46    201.56    315.86   2012  10   6   6
   315.00   36.00    974.82   38.2    212.47     58.17     -1.08    187.60    260.70   2012  10   6  12
   316.00   36.00    979.64   31.8     89.96     90.00     10.17    222.90    265.87   2012  10   6  18
   318.00   37.00    981.86   30.6    210.53     57.84     -5.87    253.71    287.52   2012  10   7   0
   319.00   38.00    988.56   25.5    141.94     38.12    -15.00    221.32    292.68   2012  10   7   6
   320.00   38.00    993.48   23.2     87.63     90.00     18.01    261.87    308.17   2012  10   7  12
   321.00   38.00    998.46   22.3     87.63     90.00     12.06    232.21    171.09   2012  10   7  18
   322.00   38.00   1003.02   22.0     87.63     90.00     10.12    190.48    103.67   2012  10   8   0
   320.00   38.00    993.48   25.4    175.25    270.00    -21.07    152.23    -77.63   2012  10   8   6
   321.00   38.00    998.46   20.9     87.63     90.00     24.31    113.71   -106.59   2012  10   8  12
   322.00   38.00   1003.02   19.1     87.63     90.00     23.98     82.28   -112.37   2012  10   8  18
   323.00   37.00   1006.53   15.6    141.94    141.27     28.75     64.16    -70.32   2012  10   9   0
   323.00   36.00   1009.62   15.2    111.20    180.00     31.61     23.97    -57.40   2012  10   9   6
   323.00   35.00   1011.84   15.3    111.20    180.00     37.16      0.22    -71.26   2012  10   9  12
   322.00   33.00   1013.86   15.8    240.74    202.93     33.38    -60.96    -84.54   2012  10   9  18
   321.00   31.00   1014.89   17.1    241.56    203.37     35.98    -96.29    -86.60   2012  10  10   0
   320.00   29.00   1016.12   16.5    242.35    203.79     32.87    -86.05    -77.95   2012  10  10   6
start   034  2012      10    06    06    088
   280.00   11.00   1008.08   12.4   -999.00   -999.00   -999.00   -999.00   -999.00   2012  10   6   6
   279.00   12.00   1003.49   16.3    155.69    315.68      7.78     75.48     -9.69   2012  10   6  12
   279.00   12.00   1002.81   16.1      0.00      0.00      4.11     89.53     -0.90   2012  10   6  18
   279.00   12.00   1001.95   18.1      0.00      0.00      5.03     95.63     22.43   2012  10   7   0
   279.00   13.00    999.33   19.5    111.20      0.00      2.25     85.27     52.36   2012  10   7   6
   279.00   13.00    998.32   23.6      0.00      0.00      2.21     72.89     58.39   2012  10   7  12
   278.00   14.00    998.01   27.4    155.10    315.92      1.51     70.51    102.21   2012  10   7  18
   278.00   14.00    989.18   33.7      0.00      0.00      0.58     63.93     35.14   2012  10   8   0
   278.00   15.00    990.72   38.9    111.20      0.00      1.42    123.51     80.15   2012  10   8   6
   278.00   15.00    975.10   36.3      0.00      0.00     -1.83    142.03     94.30   2012  10   8  12
   278.00   16.00    985.30   37.8    111.20      0.00     -4.80    168.66    161.36   2012  10   8  18
   278.00   16.00    974.27   40.2      0.00      0.00     -3.54    102.36     84.00   2012  10   9   0
   278.00   17.00    986.04   43.0    111.20      0.00     -2.78    160.11    140.42   2012  10   9   6
   278.00   17.00    980.69   43.4      0.00      0.00     -2.05    123.75     97.05   2012  10   9  12
   278.00   18.00    963.14   42.5    111.20      0.00     -6.26    157.61    145.73   2012  10   9  18
   278.00   19.00    959.21   28.6    111.20      0.00     -6.96    164.80    137.27   2012  10  10   0
   278.00   19.00    969.68   51.3      0.00      0.00     -5.44    150.47    120.72   2012  10  10   6
   279.00   20.00    974.99   48.7    152.81     43.14      6.00    238.80    249.42   2012  10  10  12
   279.00   21.00    949.34   49.7    111.20      0.00     -7.70    198.17    190.40   2012  10  10  18
   279.00   22.00    978.34   37.3    111.20      0.00     -2.96    198.09     91.70   2012  10  11   0
   280.00   23.00    965.61   43.5    151.39     42.54     19.57    184.93    124.95   2012  10  11   6
   281.00   24.00    971.86   47.6    150.88     42.32     20.72    137.77    123.39   2012  10  11  12
   281.00   25.00    964.49   47.5    111.20      0.00      4.16    183.66     99.39   2012  10  11  18
   282.00   26.00    974.86   37.3    149.79     41.85     25.53    163.49    253.96   2012  10  12   0
   282.00   28.00    973.64   51.8    222.40      0.00      4.06    174.53    116.16   2012  10  12   6
   283.00   29.00    968.09   41.3    148.04     41.07     37.70    268.36    383.07   2012  10  12  12
   283.00   30.00    970.11   43.8    111.20      0.00      5.64    175.04    320.28   2012  10  12  18
   284.00   31.00    972.14   38.8    146.78     40.50     32.44    281.50    335.91   2012  10  13   0
   284.00   32.00    976.05   42.2    111.20      0.00      6.90    153.50    172.89   2012  10  13   6
   285.00   33.00    979.07   42.4    145.46     39.88     33.69    173.52    204.12   2012  10  13  12
   287.00   34.00    972.84   43.5    216.23     58.80     38.68    179.03    276.84   2012  10  13  18
   289.00   35.00    975.48   43.8    214.37     58.49     35.45    159.24    281.14   2012  10  14   0
   291.00   35.00    980.66   38.0    182.17     90.00     39.27    111.31    184.23   2012  10  14   6
   294.00   35.00    985.89   33.0    273.26     90.00     29.86    287.64     68.94   2012  10  14  12
