 0005   005  1  1002.36  999.80   1981  08  20  12    1981  08  21  18
 0006   003  2  1008.52 1002.14   1981  09  11  12    1981  09  12  06
 0007   002  2  1005.90 1006.71   1981  09  18  18    1981  09  19  06
 0008   003  1   978.86  989.33   1981  10  01  00    1981  10  01  18
 0010   004  1   995.62  992.73   1982  09  18  12    1982  09  19  12
 0020   003  2  1008.51 1004.14   1984  09  14  12    1984  09  15  06
 0021   003  2  1008.11 1006.43   1984  09  29  00    1984  09  29  18
 0022   014  1   984.45  993.84   1984  10  15  12    1984  10  19  00
 0023   014  1   980.71  992.34   1984  11  10  18    1984  11  14  06
 0027   002  1   979.48  986.86   1985  09  27  06    1985  09  27  18
 0028   002  2   993.06  996.65   1985  11  01  12    1985  11  02  00
 0029   002  2  1005.85 1007.63   1985  11  22  06    1985  11  22  18
 0031   015  1  1000.57  986.31   1986  08  18  18    1986  08  22  12
 0035   001  2  1005.64 1005.49   1987  12  09  12    1987  12  09  18
 0039   004  1  1001.64 1002.34   1988  11  22  18    1988  11  23  18
 0042   001  2   999.07  997.03   1989  09  13  12    1989  09  13  18
 0046   002  1  1000.16  998.72   1990  09  03  00    1990  09  03  12
 0049   001  1  1001.53  998.01   1991  08  19  12    1991  08  19  18
 0052   002  2  1004.33 1009.71   1992  01  08  00    1992  01  08  12
 0056   000  3  1002.74 1002.74   1992  08  28  06    1992  08  28  06
 0058   005  1  1003.77  991.26   1992  09  27  00    1992  09  28  06
 0059   003  2  1011.18 1018.16   1992  10  01  18    1992  10  02  12
 0072   001  1   990.79  988.33   1995  08  22  12    1995  08  22  18
 0075   003  2  1007.67 1010.79   1995  09  03  06    1995  09  04  00
 0076   013  1   985.79  989.12   1995  09  10  06    1995  09  13  12
 0077   030  1   997.89 1016.02   1995  09  21  18    1995  09  29  06
 0079   002  2   986.46  993.30   1995  10  05  06    1995  10  05  18
 0081   001  1  1000.51  999.39   1996  07  13  18    1996  07  14  00
 0087   007  1   995.37  977.19   1996  10  25  12    1996  10  27  06
 0088   032  1   990.00 1004.43   1997  09  11  06    1997  09  19  06
 0091   004  1   995.38  995.85   1998  08  29  18    1998  08  30  18
 0092   004  1   982.15  985.57   1998  09  03  06    1998  09  04  06
 0093   001  2   999.21  998.86   1998  09  03  18    1998  09  04  00
 0095   003  2  1008.29 1008.99   1998  10  01  06    1998  10  02  00
 0101   032  1   991.22 1007.04   1999  08  30  18    1999  09  07  18
 0104   003  1   979.94  983.62   1999  09  16  06    1999  09  17  00
 0107   001  1   992.03  990.02   1999  10  18  06    1999  10  18  12
 0113   002  2  1010.47 1008.66   2000  08  22  06    2000  08  22  18
 0115   009  1   998.92  982.46   2000  09  30  06    2000  10  02  12
 0118   001  2  1011.28 1010.32   2001  06  17  12    2001  06  17  18
 0119   003  2  1002.64  999.68   2001  09  13  12    2001  09  14  06
 0122   002  2  1001.82 1000.79   2001  09  15  12    2001  09  16  00
 0123   005  2  1012.21 1006.60   2001  09  26  06    2001  09  27  12
 0126   001  2  1004.68 1006.54   2001  11  29  06    2001  11  29  12
 0131   002  1   991.53  977.86   2002  09  11  06    2002  09  11  18
 0132   001  1   991.58  991.77   2002  09  26  18    2002  09  27  00
 0133   061  2  1004.40 1012.65   2002  09  26  18    2002  10  12  00
 0135   005  2  1012.66 1012.65   2002  10  10  18    2002  10  12  00
