storm    0005   028    1981  08  19  00
         0005   005    1981  08  20  12    1981  08  21  18
storm    0006   047    1981  09  04  12
         0006   003    1981  09  11  12    1981  09  12  06
storm    0007   026    1981  09  13  12
         0007   002    1981  09  18  18    1981  09  19  06
storm    0008   035    1981  09  24  12
         0008   003    1981  10  01  00    1981  10  01  18
storm    0010   026    1982  09  15  00
         0010   004    1982  09  18  12    1982  09  19  12
storm    0020   059    1984  09  09  12
         0020   003    1984  09  14  12    1984  09  15  06
storm    0021   030    1984  09  26  00
         0021   003    1984  09  29  00    1984  09  29  18
storm    0022   049    1984  10  08  12
         0022   014    1984  10  15  12    1984  10  19  00
storm    0023   025    1984  11  09  06
         0023   014    1984  11  10  18    1984  11  14  06
storm    0027   040    1985  09  23  00
         0027   002    1985  09  27  06    1985  09  27  18
storm    0028   033    1985  10  26  18
         0028   002    1985  11  01  12    1985  11  02  00
storm    0029   042    1985  11  16  18
         0029   002    1985  11  22  06    1985  11  22  18
storm    0031   035    1986  08  15  12
         0031   015    1986  08  18  18    1986  08  22  12
storm    0035   019    1987  12  07  00
         0035   001    1987  12  09  12    1987  12  09  18
storm    0039   016    1988  11  20  12
         0039   004    1988  11  22  18    1988  11  23  18
storm    0042   070    1989  09  01  06
         0042   001    1989  09  13  12    1989  09  13  18
storm    0046   033    1990  08  30  12
         0046   002    1990  09  03  00    1990  09  03  12
storm    0049   026    1991  08  17  12
         0049   001    1991  08  19  12    1991  08  19  18
storm    0052   020    1992  01  04  18
         0052   002    1992  01  08  00    1992  01  08  12
storm    0056   016    1992  08  25  00
         0056   000    1992  08  28  06    1992  08  28  06
storm    0058   026    1992  09  22  12
         0058   005    1992  09  27  00    1992  09  28  06
storm    0059   026    1992  09  27  00
         0059   003    1992  10  01  18    1992  10  02  12
storm    0072   064    1995  08  10  12
         0072   001    1995  08  22  12    1995  08  22  18
storm    0075   046    1995  08  31  00
         0075   003    1995  09  03  06    1995  09  04  00
storm    0076   046    1995  09  03  00
         0076   013    1995  09  10  06    1995  09  13  12
storm    0077   057    1995  09  16  12
         0077   030    1995  09  21  18    1995  09  29  06
storm    0079   024    1995  10  01  00
         0079   002    1995  10  05  06    1995  10  05  18
storm    0081   076    1996  07  10  00
         0081   001    1996  07  13  18    1996  07  14  00
storm    0087   035    1996  10  21  12
         0087   007    1996  10  25  12    1996  10  27  06
storm    0088   062    1997  09  06  06
         0088   032    1997  09  11  06    1997  09  19  06
storm    0091   053    1998  08  21  12
         0091   004    1998  08  29  18    1998  08  30  18
storm    0092   044    1998  08  29  12
         0092   004    1998  09  03  06    1998  09  04  06
storm    0093   021    1998  08  31  00
         0093   001    1998  09  03  18    1998  09  04  00
storm    0095   042    1998  09  22  00
         0095   003    1998  10  01  06    1998  10  02  00
storm    0101   061    1999  08  25  12
         0101   032    1999  08  30  18    1999  09  07  18
storm    0104   039    1999  09  09  12
         0104   003    1999  09  16  06    1999  09  17  00
storm    0107   020    1999  10  14  00
         0107   001    1999  10  18  06    1999  10  18  12
storm    0113   055    2000  08  14  12
         0113   002    2000  08  22  06    2000  08  22  18
storm    0115   027    2000  09  27  06
         0115   009    2000  09  30  06    2000  10  02  12
storm    0118   026    2001  06  13  12
         0118   001    2001  06  17  12    2001  06  17  18
storm    0119   032    2001  09  09  18
         0119   003    2001  09  13  12    2001  09  14  06
storm    0122   045    2001  09  13  12
         0122   002    2001  09  15  12    2001  09  16  00
storm    0123   024    2001  09  23  00
         0123   005    2001  09  26  06    2001  09  27  12
storm    0126   030    2001  11  25  06
         0126   001    2001  11  29  06    2001  11  29  12
storm    0131   032    2002  09  09  00
         0131   002    2002  09  11  06    2002  09  11  18
storm    0132   029    2002  09  20  12
         0132   001    2002  09  26  18    2002  09  27  00
storm    0133   098    2002  09  21  12
         0133   061    2002  09  26  18    2002  10  12  00
storm    0135   067    2002  09  30  18
         0135   005    2002  10  10  18    2002  10  12  00
