1980  01   00   00   00   00   00   00
1980  02   00   00   00   00   00   00
1980  03   00   00   00   00   00   00
1980  04   00   00   00   00   00   00
1980  05   00   00   00   00   00   00
1980  06   00   00   00   00   00   00
1980  07   00   00   00   00   00   00
1980  08   01   01   00   00   00   00
1980  09   01   01   00   00   00   00
1980  10   00   00   00   00   00   00
1980  11   00   00   00   00   00   00
1980  12   00   00   00   00   00   00
1981  01   00   00   00   00   00   00
1981  02   00   00   00   00   00   00
1981  03   00   00   00   00   00   00
1981  04   00   00   00   00   00   00
1981  05   00   00   00   00   00   00
1981  06   00   00   00   00   00   00
1981  07   00   00   00   00   00   00
1981  08   01   00   00   00   01   00
1981  09   03   00   00   00   03   00
1981  10   00   00   00   00   00   00
1981  11   01   00   00   01   00   00
1981  12   00   00   00   00   00   00
1982  01   00   00   00   00   00   00
1982  02   00   00   00   00   00   00
1982  03   00   00   00   00   00   00
1982  04   00   00   00   00   00   00
1982  05   00   00   00   00   00   00
1982  06   00   00   00   00   00   00
1982  07   00   00   00   00   00   00
1982  08   00   00   00   00   00   00
1982  09   01   00   00   00   01   00
1982  10   01   00   01   00   00   00
1982  11   00   00   00   00   00   00
1982  12   00   00   00   00   00   00
1983  01   00   00   00   00   00   00
1983  02   00   00   00   00   00   00
1983  03   00   00   00   00   00   00
1983  04   00   00   00   00   00   00
1983  05   00   00   00   00   00   00
1983  06   00   00   00   00   00   00
1983  07   00   00   00   00   00   00
1983  08   00   00   00   00   00   00
1983  09   00   00   00   00   00   00
1983  10   00   00   00   00   00   00
1983  11   00   00   00   00   00   00
1983  12   00   00   00   00   00   00
1984  01   00   00   00   00   00   00
1984  02   00   00   00   00   00   00
1984  03   00   00   00   00   00   00
1984  04   00   00   00   00   00   00
1984  05   00   00   00   00   00   00
1984  06   00   00   00   00   00   00
1984  07   00   00   00   00   00   00
1984  08   00   00   00   00   00   00
1984  09   02   00   00   00   02   00
1984  10   01   00   00   00   01   00
1984  11   01   00   00   00   01   00
1984  12   01   00   00   01   00   00
1985  01   00   00   00   00   00   00
1985  02   00   00   00   00   00   00
1985  03   00   00   00   00   00   00
1985  04   00   00   00   00   00   00
1985  05   00   00   00   00   00   00
1985  06   00   00   00   00   00   00
1985  07   00   00   00   00   00   00
1985  08   02   01   00   01   00   00
1985  09   01   00   00   00   01   00
1985  10   01   00   00   00   01   00
1985  11   01   00   00   00   01   00
1985  12   00   00   00   00   00   00
1986  01   00   00   00   00   00   00
1986  02   00   00   00   00   00   00
1986  03   00   00   00   00   00   00
1986  04   00   00   00   00   00   00
1986  05   00   00   00   00   00   00
1986  06   00   00   00   00   00   00
1986  07   00   00   00   00   00   00
1986  08   01   00   00   00   01   00
1986  09   00   00   00   00   00   00
1986  10   00   00   00   00   00   00
1986  11   00   00   00   00   00   00
1986  12   00   00   00   00   00   00
1987  01   00   00   00   00   00   00
1987  02   00   00   00   00   00   00
1987  03   00   00   00   00   00   00
1987  04   00   00   00   00   00   00
1987  05   00   00   00   00   00   00
1987  06   00   00   00   00   00   00
1987  07   00   00   00   00   00   00
1987  08   00   00   00   00   00   00
1987  09   00   00   00   00   00   00
1987  10   00   00   00   00   00   00
1987  11   00   00   00   00   00   00
1987  12   01   00   00   00   01   00
1988  01   00   00   00   00   00   00
1988  02   00   00   00   00   00   00
1988  03   00   00   00   00   00   00
1988  04   00   00   00   00   00   00
1988  05   00   00   00   00   00   00
1988  06   00   00   00   00   00   00
1988  07   00   00   00   00   00   00
1988  08   00   00   00   00   00   00
1988  09   01   00   00   01   00   00
1988  10   01   01   00   00   00   00
1988  11   01   00   00   00   01   00
1988  12   00   00   00   00   00   00
1989  01   00   00   00   00   00   00
1989  02   00   00   00   00   00   00
1989  03   00   00   00   00   00   00
1989  04   00   00   00   00   00   00
1989  05   00   00   00   00   00   00
1989  06   00   00   00   00   00   00
1989  07   00   00   00   00   00   00
1989  08   01   00   00   01   00   00
1989  09   02   01   00   00   01   00
1989  10   00   00   00   00   00   00
1989  11   00   00   00   00   00   00
1989  12   00   00   00   00   00   00
1990  01   00   00   00   00   00   00
1990  02   00   00   00   00   00   00
1990  03   00   00   00   00   00   00
1990  04   00   00   00   00   00   00
1990  05   00   00   00   00   00   00
1990  06   00   00   00   00   00   00
1990  07   00   00   00   00   00   00
1990  08   01   00   00   00   01   00
1990  09   01   00   00   01   00   00
1990  10   00   00   00   00   00   00
1990  11   00   00   00   00   00   00
1990  12   00   00   00   00   00   00
1991  01   00   00   00   00   00   00
1991  02   00   00   00   00   00   00
1991  03   00   00   00   00   00   00
1991  04   00   00   00   00   00   00
1991  05   00   00   00   00   00   00
1991  06   00   00   00   00   00   00
1991  07   00   00   00   00   00   00
1991  08   01   00   00   00   01   00
1991  09   00   00   00   00   00   00
1991  10   00   00   00   00   00   00
1991  11   00   00   00   00   00   00
1991  12   00   00   00   00   00   00
1992  01   01   00   00   00   01   00
1992  02   00   00   00   00   00   00
1992  03   00   00   00   00   00   00
1992  04   00   00   00   00   00   00
1992  05   00   00   00   00   00   00
1992  06   00   00   00   00   00   00
1992  07   00   00   00   00   00   00
1992  08   01   00   00   00   01   00
1992  09   02   00   00   00   02   00
1992  10   00   00   00   00   00   00
1992  11   00   00   00   00   00   00
1992  12   00   00   00   00   00   00
1993  01   00   00   00   00   00   00
1993  02   00   00   00   00   00   00
1993  03   00   00   00   00   00   00
1993  04   00   00   00   00   00   00
1993  05   00   00   00   00   00   00
1993  06   01   01   00   00   00   00
1993  07   00   00   00   00   00   00
1993  08   01   00   00   01   00   00
1993  09   01   01   00   00   00   00
1993  10   00   00   00   00   00   00
1993  11   00   00   00   00   00   00
1993  12   00   00   00   00   00   00
1994  01   00   00   00   00   00   00
1994  02   00   00   00   00   00   00
1994  03   00   00   00   00   00   00
1994  04   00   00   00   00   00   00
1994  05   00   00   00   00   00   00
1994  06   00   00   00   00   00   00
1994  07   00   00   00   00   00   00
1994  08   00   00   00   00   00   00
1994  09   00   00   00   00   00   00
1994  10   00   00   00   00   00   00
1994  11   02   00   00   02   00   00
1994  12   00   00   00   00   00   00
1995  01   00   00   00   00   00   00
1995  02   00   00   00   00   00   00
1995  03   00   00   00   00   00   00
1995  04   00   00   00   00   00   00
1995  05   00   00   00   00   00   00
1995  06   00   00   00   00   00   00
1995  07   00   00   00   00   00   00
1995  08   05   01   00   02   02   00
1995  09   04   00   00   01   03   00
1995  10   01   01   00   00   00   00
1995  11   00   00   00   00   00   00
1995  12   00   00   00   00   00   00
1996  01   00   00   00   00   00   00
1996  02   00   00   00   00   00   00
1996  03   00   00   00   00   00   00
1996  04   00   00   00   00   00   00
1996  05   00   00   00   00   00   00
1996  06   00   00   00   00   00   00
1996  07   01   00   00   00   01   00
1996  08   02   01   00   01   00   00
1996  09   00   00   00   00   00   00
1996  10   03   01   00   00   01   01
1996  11   00   00   00   00   00   00
1996  12   00   00   00   00   00   00
1997  01   00   00   00   00   00   00
1997  02   00   00   00   00   00   00
1997  03   00   00   00   00   00   00
1997  04   00   00   00   00   00   00
1997  05   00   00   00   00   00   00
1997  06   00   00   00   00   00   00
1997  07   00   00   00   00   00   00
1997  08   00   00   00   00   00   00
1997  09   01   00   00   00   01   00
1997  10   00   00   00   00   00   00
1997  11   00   00   00   00   00   00
1997  12   00   00   00   00   00   00
1998  01   00   00   00   00   00   00
1998  02   00   00   00   00   00   00
1998  03   00   00   00   00   00   00
1998  04   00   00   00   00   00   00
1998  05   00   00   00   00   00   00
1998  06   00   00   00   00   00   00
1998  07   00   00   00   00   00   00
1998  08   03   00   00   00   03   00
1998  09   03   01   00   01   01   00
1998  10   01   01   00   00   00   00
1998  11   00   00   00   00   00   00
1998  12   00   00   00   00   00   00
1999  01   00   00   00   00   00   00
1999  02   00   00   00   00   00   00
1999  03   00   00   00   00   00   00
1999  04   00   00   00   00   00   00
1999  05   00   00   00   00   00   00
1999  06   00   00   00   00   00   00
1999  07   00   00   00   00   00   00
1999  08   03   00   00   02   01   00
1999  09   03   01   00   01   01   00
1999  10   01   00   00   00   01   00
1999  11   01   01   00   00   00   00
1999  12   00   00   00   00   00   00
2000  01   00   00   00   00   00   00
2000  02   00   00   00   00   00   00
2000  03   00   00   00   00   00   00
2000  04   00   00   00   00   00   00
2000  05   00   00   00   00   00   00
2000  06   00   00   00   00   00   00
2000  07   00   00   00   00   00   00
2000  08   01   00   00   00   01   00
2000  09   02   00   00   01   01   00
2000  10   01   00   00   00   00   01
2000  11   00   00   00   00   00   00
2000  12   00   00   00   00   00   00
2001  01   00   00   00   00   00   00
2001  02   00   00   00   00   00   00
2001  03   00   00   00   00   00   00
2001  04   00   00   00   00   00   00
2001  05   00   00   00   00   00   00
2001  06   01   00   00   00   01   00
2001  07   00   00   00   00   00   00
2001  08   00   00   00   00   00   00
2001  09   04   00   00   01   03   00
2001  10   00   00   00   00   00   00
2001  11   02   00   01   00   01   00
2001  12   00   00   00   00   00   00
2002  01   00   00   00   00   00   00
2002  02   00   00   00   00   00   00
2002  03   00   00   00   00   00   00
2002  04   00   00   00   00   00   00
2002  05   00   00   00   00   00   00
2002  06   00   00   00   00   00   00
2002  07   00   00   00   00   00   00
2002  08   00   00   00   00   00   00
2002  09   05   01   00   00   04   00
2002  10   00   00   00   00   00   00
2002  11   00   00   00   00   00   00
2002  12   00   00   00   00   00   00
