1980   02   02   00   00   00   00
1981   05   00   00   01   04   00
1982   02   00   01   00   01   00
1983   00   00   00   00   00   00
1984   05   00   00   01   04   00
1985   05   01   00   01   03   00
1986   01   00   00   00   01   00
1987   01   00   00   00   01   00
1988   03   01   00   01   01   00
1989   03   01   00   01   01   00
1990   02   00   00   01   01   00
1991   01   00   00   00   01   00
1992   04   00   00   00   04   00
1993   03   02   00   01   00   00
1994   02   00   00   02   00   00
1995   10   02   00   03   05   00
1996   06   02   00   01   02   01
1997   01   00   00   00   01   00
1998   07   02   00   01   04   00
1999   08   02   00   03   03   00
2000   04   00   00   01   02   01
2001   07   00   01   01   05   00
2002   05   01   00   00   04   00
