start   033  2001      09    09    12    000
   -63.28   31.23   1015.21   14.1   -999.00   -999.00   -999.00   -999.00   -999.00   2001   9   9  12
   -62.58   31.93   1015.14   13.1    102.60     40.30      4.64      4.81     33.11   2001   9   9  18
   -63.28   32.63   1015.19   12.7    102.27    319.92     -7.78     16.06     27.73   2001   9  10   0
   -63.98   34.04   1013.36   12.0    169.19    337.56     -2.55     15.76     48.46   2001   9  10   6
   -64.69   34.74   1013.55   12.3    101.25    320.61     -3.25     28.60     25.27   2001   9  10  12
   -64.69   35.44   1011.26   12.2     78.03      0.00      4.86     10.32     48.62   2001   9  10  18
   -65.39   36.14   1010.33   11.0    100.56    321.10      2.54      9.57     31.71   2001   9  11   0
   -65.39   36.84   1007.39   11.6     78.03      0.00      4.77     25.29     59.01   2001   9  11   6
   -65.39   36.84   1006.83   11.8      0.00      0.00      5.48     15.46     44.26   2001   9  11  12
   -64.69   37.54   1004.67   11.5     99.84     38.38      4.77     10.52     50.23   2001   9  11  18
   -63.98   37.54   1004.19   12.2     61.99     90.00      5.14     -0.44     47.65   2001   9  12   0
   -63.28   37.54   1001.64   13.5     61.99     90.00      5.69     11.51     75.85   2001   9  12   6
   -62.58   37.54   1001.45   15.5     61.99     90.00      6.44     12.83     55.02   2001   9  12  12
   -61.87   37.54   1000.02   17.4     61.99     90.00      5.21     12.01     87.07   2001   9  12  18
   -61.87   37.54   1001.52   15.6      0.00      0.00      0.38      7.38     83.35   2001   9  13   0
   -61.17   38.25   1001.21   15.2     99.48     38.12      8.03      0.10     80.16   2001   9  13   6
   -61.17   38.25   1002.64   14.9      0.00      0.00      0.20      9.01     55.93   2001   9  13  12
   -60.47   38.95   1001.37   14.3     99.11     37.85      8.62    -25.54     82.83   2001   9  13  18
   -59.77   40.35   1002.14   14.1    167.27     20.79      8.63     -5.64     -8.94   2001   9  14   0
   -58.36   41.75    999.68   14.5    195.60     36.62     15.37     -9.90     -2.94   2001   9  14   6
   -57.66   43.16    999.38   14.8    166.39     19.97     16.86     -0.93   -100.02   2001   9  14  12
   -55.55   44.56    996.11   15.4    230.12     46.79     28.74    -36.26    -74.38   2001   9  14  18
   -53.44   46.67    995.33   14.5    285.85     34.28     30.29    -40.30   -148.84   2001   9  15   0
   -51.33   48.77    988.43   15.5    282.30     33.21     49.60    -52.24   -238.15   2001   9  15   6
   -49.22   52.28    982.61   17.7    417.65     19.94     78.90    -73.02   -312.86   2001   9  15  12
   -48.52   55.09    972.00   21.7    315.55      8.07     82.57    -90.55   -204.65   2001   9  15  18
   -47.11   57.19    966.34   26.1    249.77     19.75     54.75    -43.93    -53.19   2001   9  16   0
   -45.00   58.60    969.55   31.8    199.73     37.91     23.07     54.25    -72.39   2001   9  16   6
   -40.08   60.70    980.47   26.8    362.17     48.60     27.26   -116.02   -135.04   2001   9  16  12
   -37.27   63.51    986.53   26.6    344.65     23.88     50.34   -163.85   -123.25   2001   9  16  18
   -35.86   64.91    991.57   22.6    170.24     22.92     48.81   -123.90   -164.99   2001   9  17   0
   -31.64   66.32    996.98   17.1    248.66     50.22     48.33   -140.65   -203.22   2001   9  17   6
   -28.83   67.72   1000.24   15.9    198.12     37.10     45.51   -173.90   -220.24   2001   9  17  12
