start   049  2001      09    10    06    001
   -45.00   15.79   1007.53   11.0   -999.00   -999.00   -999.00   -999.00   -999.00   2001   9  10   6
   -47.11   16.49   1007.59   11.7    238.44    289.17     -0.13     29.36     20.95   2001   9  10  12
   -47.81   17.89   1005.98   14.7    173.02    334.58     -2.81     27.71     39.24   2001   9  10  18
   -49.22   19.30   1007.30   13.7    215.22    316.70     -4.94     33.96     33.50   2001   9  11   0
   -49.22   20.00   1006.76   11.1     78.03      0.00      0.41     45.44     12.36   2001   9  11   6
   -49.92   21.40   1007.97   11.6    172.35    335.08     -4.89     45.12     15.28   2001   9  11  12
   -49.92   22.11   1007.35   11.2     78.03      0.00     -4.15     34.77     30.79   2001   9  11  18
   -49.92   23.51   1008.31    9.2    156.07      0.00     -5.75     48.64     33.86   2001   9  12   0
   -49.22   24.91   1009.93   11.5    171.59     24.34     -1.70     31.45     32.52   2001   9  12   6
   -48.52   26.32   1009.08   11.3    171.25     24.09     -1.54     48.77      6.43   2001   9  12  12
   -47.11   28.42   1008.46   14.1    272.18     30.26     -1.40     20.69     -2.09   2001   9  12  18
   -47.11   29.12   1005.43   12.1     78.03      0.00     -4.72     14.80    -28.26   2001   9  13   0
   -46.41   29.82   1006.50   13.1    103.55     40.93      0.01     -9.91     -0.64   2001   9  13   6
   -45.00   30.53   1004.91   13.3    156.09     59.85      0.46     -8.61      5.51   2001   9  13  12
   -42.89   31.23   1004.96   13.7    215.91     68.69      2.17     14.33     -5.85   2001   9  13  18
   -41.48   31.23   1001.96   13.5    133.72     90.00      5.64      7.25     -5.83   2001   9  14   0
   -40.08   31.93   1001.84   13.8    154.39     59.48      2.98      4.62     -9.69   2001   9  14   6
   -37.97   31.93    999.43   13.5    199.07     90.00      8.33    -11.96    -51.82   2001   9  14  12
   -36.56   32.63    999.50   15.8    153.51     59.28      4.40    -42.80    -54.28   2001   9  14  18
   -34.45   32.63    996.96   16.3    197.53     90.00     12.82    -73.52    -71.59   2001   9  15   0
   -33.05   33.33    997.85   18.9    152.63     59.08      8.10    -85.46   -108.49   2001   9  15   6
   -32.34   34.74    993.51   22.2    168.98     22.27     -1.12    -56.86   -117.63   2001   9  15  12
   -31.64   35.44    995.65   22.1    100.91     39.15      3.63      9.28   -103.70   2001   9  15  18
   -32.34   35.44    997.10   19.2     63.70    270.00    -14.33     67.65    -80.94   2001   9  16   0
   -32.34   35.44   1001.28   13.5      0.00      0.00    -16.66     72.10    -36.72   2001   9  16   6
   -32.34   34.74   1000.09   14.6     78.03    180.00     23.21    110.09    -37.14   2001   9  16  12
   -32.34   34.74   1002.83   13.6      0.00      0.00    -14.15    147.45     47.08   2001   9  16  18
   -32.34   34.74   1001.41   12.3      0.00      0.00     -4.61    109.83     25.69   2001   9  17   0
   -32.34   34.74   1004.17   10.2      0.00      0.00     -8.45     79.16     -0.12   2001   9  17   6
   -31.64   34.04   1003.24   10.7    101.25    140.22      4.18     76.54    -17.02   2001   9  17  12
   -31.64   34.04   1005.99    9.7      0.00      0.00    -22.14     89.10    -29.18   2001   9  17  18
   -30.94   33.33   1006.60   10.7    101.60    139.99     11.46     86.25    -31.95   2001   9  18   0
   -32.34   34.74   1001.41   15.8    202.85    320.69    -14.39     53.25    -31.24   2001   9  18   6
   -32.34   34.74   1004.17   12.7      0.00      0.00    -16.01     37.02    -26.68   2001   9  18  12
   -31.64   34.04   1003.24   13.5    101.25    140.22     11.05     56.67    -31.41   2001   9  18  18
   -31.64   34.04   1005.99   13.1      0.00      0.00    -15.08     24.67    -63.53   2001   9  19   0
   -30.94   34.04   1004.29   15.1     64.79     90.00      2.26     53.47   -111.15   2001   9  19   6
   -30.94   33.33   1006.91   15.3     78.03    180.00     15.96     40.64   -116.81   2001   9  19  12
   -30.94   33.33   1006.60   14.5      0.00      0.00    -14.66     24.98   -123.98   2001   9  19  18
   -31.64   32.63   1008.74   13.2    101.93    220.24     10.78     15.51    -84.34   2001   9  20   0
   -31.64   31.93   1007.89   10.8     78.03    180.00     11.29      6.96    -85.45   2001   9  20   6
   -31.64   31.93   1009.77   10.7      0.00    180.00      8.98      9.94    -74.01   2001   9  20  12
   -32.34   31.23   1009.03   10.8    102.60    220.67      9.43      9.13    -50.11   2001   9  20  18
   -32.34   31.23   1011.37   10.8      0.00      0.00     -4.37     14.25    -52.39   2001   9  21   0
   -32.34   31.23   1010.59   11.1      0.00      0.00     -1.72     19.10    -50.47   2001   9  21   6
   -32.34   30.53   1013.25   12.3     78.03    180.00      0.71     12.75    -41.07   2001   9  21  12
   -32.34   30.53   1012.17   13.1      0.00      0.00      0.40     12.34    -33.76   2001   9  21  18
   -32.34   30.53   1014.09   13.8      0.00      0.00      0.40     -6.41    -36.66   2001   9  22   0
   -33.05   30.53   1013.29   13.9     67.35    270.00     -5.58    -12.58    -44.52   2001   9  22   6
