start   025  2001      09    22    18    004
   -66.80   27.72   1009.94   14.9   -999.00   -999.00   -999.00   -999.00   -999.00   2001   9  22  18
   -66.80   27.72   1010.41   14.6      0.00      0.00     -1.74     48.69    -21.48   2001   9  23   0
   -67.50   28.42   1011.72   10.2    104.16    318.68     -6.36     23.07    -45.82   2001   9  23   6
   -68.20   29.12   1013.23   10.1    103.86    318.88     -3.79     11.85    -58.15   2001   9  23  12
   -66.80   31.23   1010.47   14.6    270.32     29.55      5.59     35.76     37.58   2001   9  23  18
   -67.50   31.93   1011.53   13.7    102.60    319.70     -4.65     11.69     21.75   2001   9  24   0
   -66.80   33.33   1012.05   11.0    169.39     22.60      7.52     -3.24    -20.36   2001   9  24   6
   -66.09   34.04   1013.64   11.5    101.60     39.63      7.37     -3.86    -32.03   2001   9  24  12
   -65.39   35.44   1008.15   14.4    168.77     22.09      7.81     24.01     25.36   2001   9  24  18
   -64.69   36.14   1009.84   12.3    100.56     38.90      5.72      9.92     27.83   2001   9  25   0
   -63.98   37.54   1011.02   12.2    168.14     21.55      1.30     18.04     17.81   2001   9  25   6
   -63.28   38.25   1012.95   11.7     99.48     38.12      2.30     20.69     16.18   2001   9  25  12
   -62.58   38.95   1013.36   10.8     99.11     37.85      0.61     20.12      6.63   2001   9  25  18
   -61.87   39.65   1014.67   10.8     98.74     37.57      2.80      9.45     -0.65   2001   9  26   0
   -60.47   40.35   1012.21   12.7    142.96     56.70      2.69     17.59      5.98   2001   9  26   6
   -59.77   41.05   1012.57   16.3     97.99     36.99      2.07    -29.83     -9.50   2001   9  26  12
   -57.66   41.75   1011.25   16.3    192.46     65.90      5.88    -51.54     -9.70   2001   9  26  18
   -55.55   42.46   1010.58   15.7    190.71     65.66      9.57    -74.98    -30.13   2001   9  27   0
   -52.03   42.46   1007.05   17.8    288.41     90.00     14.74   -115.25    -64.48   2001   9  27   6
   -49.22   42.46   1006.60   17.2    230.73     90.00     17.47   -121.37   -112.80   2001   9  27  12
   -45.70   42.46   1005.00   17.6    288.41     90.00     23.14   -146.01   -137.74   2001   9  27  18
   -42.19   41.75   1004.91   18.0    300.33    104.94     25.58   -152.76   -145.95   2001   9  28   0
   -38.67   41.05   1002.57   17.9    303.41    104.79     24.79   -153.48   -157.58   2001   9  28   6
   -35.16   41.05   1004.09   18.1    294.79     90.00     19.84   -139.52   -182.36   2001   9  28  12
   -31.64   40.35   1002.62   18.1    306.45    104.64     23.59   -129.72   -165.64   2001   9  28  18
