start   046  2001      09    13    06    003
   -85.78   24.91   1005.94   12.5   -999.00   -999.00   -999.00   -999.00   -999.00   2001   9  13   6
   -85.78   24.91   1005.01   11.7      0.00      0.00    -11.72     28.33    -29.28   2001   9  13  12
   -85.08   24.91   1004.20   13.1     70.91     90.00      7.27     40.79    -60.29   2001   9  13  18
   -85.08   24.91   1003.01   12.9      0.00      0.00    -11.05     29.02    -61.65   2001   9  14   0
   -84.37   25.61   1002.91   15.9    105.30     42.03      8.35     -8.05    -43.81   2001   9  14   6
   -81.56   28.42    999.64   18.1    418.36     41.12     12.06     41.56     -0.88   2001   9  14  12
   -81.56   29.12    999.39   19.6     78.03      0.00      4.13     75.55    -11.03   2001   9  14  18
   -80.86   29.12   1000.58   20.0     68.30     90.00     16.03     13.37      1.21   2001   9  15   0
   -80.86   29.12   1000.77   20.6      0.00      0.00      6.51     14.86     -2.28   2001   9  15   6
   -78.75   29.82   1001.82   22.6    218.60     68.97     13.78    -24.29     19.43   2001   9  15  12
   -77.34   30.53   1001.05   22.8    156.09     59.85     20.56    -28.78     10.82   2001   9  15  18
   -76.64   31.23   1000.79   23.4    102.92     40.51     16.29      2.71    -16.05   2001   9  16   0
   -75.94   31.23   1001.25   20.4     66.86     90.00     13.20     11.36    -21.59   2001   9  16   6
   -73.12   32.63   1000.68   21.1    307.89     59.21     15.03     21.81    -57.37   2001   9  16  12
   -71.72   33.33   1000.42   18.6    152.63     59.08     25.90     40.01    -84.44   2001   9  16  18
   -71.72   33.33   1000.42   25.5      0.00      0.00      4.90     33.92    -90.06   2001   9  17   0
   -68.91   34.74   1004.06   24.0    302.51     58.58     26.22    -30.03    -89.24   2001   9  17   6
   -66.80   36.14   1002.74   28.6    246.72     50.35     26.24      5.13    -82.68   2001   9  17  12
   -64.69   36.84   1000.32   28.4    204.08     67.36     30.30     -1.28    -79.58   2001   9  17  18
   -63.98   36.84    999.20   29.3     62.57     90.00     25.09      0.60    -73.11   2001   9  18   0
   -62.58   38.25    997.49   28.9    199.32     38.04     27.97     23.75    -58.79   2001   9  18   6
   -61.17   39.65    995.16   27.4    197.85     37.49     25.49     21.21    -78.02   2001   9  18  12
   -60.47   40.35    993.48   30.2     98.37     37.28     33.43    -63.79    -13.63   2001   9  18  18
   -58.36   42.46    992.98   27.0    292.82     36.23     39.18    -40.30    -61.16   2001   9  19   0
   -55.55   43.86    990.47   25.5    276.39     55.15     42.11    -58.70    -63.92   2001   9  19   6
   -53.44   45.26    992.03   24.4    228.65     46.44     51.41    -89.17   -102.90   2001   9  19  12
   -49.92   47.37    989.95   20.5    357.30     48.26     65.31    -83.74   -153.44   2001   9  19  18
   -45.70   50.18    992.57   22.6    439.21     43.56     64.82    -63.96   -205.87   2001   9  20   0
   -42.89   52.28    985.24   22.8    305.17     39.01     72.68    -58.16   -186.48   2001   9  20   6
   -40.78   53.68    981.36   23.3    210.46     41.51     56.18    -31.14    -44.54   2001   9  20  12
   -39.37   54.39    977.71   30.2    120.51     49.32     12.02    134.40     58.23   2001   9  20  18
   -35.86   54.39    982.69   33.5    227.63     90.00     -4.33     23.65     24.81   2001   9  21   0
   -33.75   55.09    985.43   25.4    156.28     59.76     15.36    -49.89     27.53   2001   9  21   6
   -31.64   56.49    986.71   23.7    204.31     39.52     15.58    -44.03    -23.06   2001   9  21  12
   -30.23   58.60    984.84   22.9    248.67     19.05     17.33    -73.37    -68.57   2001   9  21  18
   -30.23   60.00    982.84   23.9    156.07      0.00     15.37    -53.05    -77.47   2001   9  22   0
   -32.34   61.40    982.82   27.7    193.71    324.41     14.26      6.71    -71.99   2001   9  22   6
   -35.16   60.70    987.67   27.5    170.28    243.04     21.59     39.21    -79.03   2001   9  22  12
   -35.16   58.60    993.31   23.3    234.10    180.00     43.65    -67.48   -116.50   2001   9  22  18
   -33.05   56.49    996.49   22.1    265.77    150.84     43.66   -111.79   -147.72   2001   9  23   0
   -29.53   55.79    996.16   21.4    231.34    109.51     27.67    -76.63   -137.17   2001   9  23   6
   -28.12   56.49    997.14   19.2    116.96     47.81     17.35    -27.43    -92.28   2001   9  23  12
   -28.83   55.79    997.34   20.6     89.37    209.46      2.26    -45.99   -133.00   2001   9  23  18
   -28.12   54.39    999.03   19.7    162.35    163.64     14.90    -96.96   -172.38   2001   9  24   0
   -26.02   53.68    998.33   20.0    158.31    119.26      6.60    -74.25   -162.82   2001   9  24   6
   -25.31   53.68   1000.21   19.2     46.30     90.00      7.92    -55.65   -157.40   2001   9  24  12
