start 25 2001 9 9 12 0119
296.718842 31.228004 14.060 1015.211 2001 9 9 12
297.421967 31.929756 13.127 1015.136 2001 9 9 18
296.718842 32.631508 12.685 1015.188 2001 9 10 0
296.015717 34.035015 11.979 1013.360 2001 9 10 6
295.312592 34.736767 12.330 1013.547 2001 9 10 12
295.312592 35.438519 12.162 1011.259 2001 9 10 18
294.609467 36.140270 10.956 1010.334 2001 9 11 0
294.609467 36.842022 11.550 1007.390 2001 9 11 6
294.609467 36.842022 11.756 1006.829 2001 9 11 12
295.312592 37.543777 11.543 1004.668 2001 9 11 18
296.015717 37.543777 12.180 1004.187 2001 9 12 0
296.718842 37.543777 13.504 1001.643 2001 9 12 6
297.421967 37.543777 15.516 1001.451 2001 9 12 12
298.125092 37.543777 17.411 1000.019 2001 9 12 18
298.125092 37.543777 15.583 1001.516 2001 9 13 0
298.828217 38.245529 15.156 1001.209 2001 9 13 6
298.828217 38.245529 14.870 1002.638 2001 9 13 12
299.531342 38.947281 14.299 1001.368 2001 9 13 18
300.234467 40.350784 14.077 1002.144 2001 9 14 0
301.640717 41.754288 14.539 999.680 2001 9 14 6
302.343842 43.157791 14.787 999.383 2001 9 14 12
304.453217 44.561295 15.439 996.108 2001 9 14 18
306.562592 46.666550 14.511 995.328 2001 9 15 0
308.671997 48.771805 15.524 988.433 2001 9 15 6
310.781372 52.280560 17.740 982.615 2001 9 15 12
start 32 2001 9 10 6 0120
315.000122 15.789443 11.017 1007.535 2001 9 10 6
312.890747 16.491196 11.735 1007.594 2001 9 11 0
312.187622 17.894701 14.730 1005.981 2001 9 11 12
310.781372 19.298208 13.662 1007.304 2001 9 12 0
310.781372 19.999960 11.071 1006.756 2001 9 12 6
310.078247 21.403465 11.585 1007.973 2001 9 12 12
310.078247 22.105219 11.224 1007.347 2001 9 12 18
310.078247 23.508724 9.248 1008.312 2001 9 13 6
310.781372 24.912230 11.518 1009.931 2001 9 13 12
311.484497 26.315735 11.292 1009.080 2001 9 13 18
312.890747 28.420994 14.055 1008.457 2001 9 14 0
312.890747 29.122746 12.135 1005.428 2001 9 14 6
313.593872 29.824499 13.119 1006.503 2001 9 14 12
315.000122 30.526251 13.297 1004.909 2001 9 14 18
317.109497 31.228004 13.678 1004.961 2001 9 15 0
318.515747 31.228004 13.473 1001.963 2001 9 15 6
319.921997 31.929756 13.762 1001.840 2001 9 15 12
322.031372 31.929756 13.454 999.429 2001 9 15 18
323.437622 32.631508 15.805 999.499 2001 9 16 0
325.546997 32.631508 16.300 996.955 2001 9 16 6
326.953247 33.333263 18.911 997.848 2001 9 16 12
327.656372 34.736767 22.205 993.511 2001 9 16 18
328.359497 35.438519 22.054 995.648 2001 9 17 0
327.656372 35.438519 19.180 997.104 2001 9 17 6
327.656372 35.438519 13.543 1001.285 2001 9 17 12
327.656372 34.736767 14.565 1000.091 2001 9 17 18
327.656372 34.736767 13.560 1002.829 2001 9 18 0
327.656372 34.736767 12.338 1001.415 2001 9 18 6
327.656372 34.736767 10.155 1004.169 2001 9 18 12
328.359497 34.035015 10.653 1003.238 2001 9 18 18
328.359497 34.035015 9.713 1005.986 2001 9 19 0
329.062622 33.333263 10.698 1006.600 2001 9 19 18
start 10 2001 9 11 6 0121
256.640717 17.192949 12.201 1005.722 2001 9 11 6
255.234467 17.894701 14.663 1004.561 2001 9 11 18
251.015717 19.999960 14.612 1003.326 2001 9 12 12
249.609467 20.701714 13.308 1004.644 2001 9 12 18
248.906342 20.701714 12.045 1002.613 2001 9 13 0
248.203217 22.105219 12.201 1004.844 2001 9 13 6
247.500092 22.806973 11.309 1004.383 2001 9 13 12
246.796967 23.508724 11.244 1007.518 2001 9 13 18
246.093842 24.210478 9.079 1006.567 2001 9 14 0
244.687592 24.912230 8.729 1009.038 2001 9 14 6
start 15 2001 9 13 6 0122
274.218842 24.912230 12.483 1005.939 2001 9 13 6
274.218842 24.912230 11.694 1005.008 2001 9 13 12
274.921967 24.912230 13.120 1004.198 2001 9 13 18
274.921967 24.912230 12.866 1003.009 2001 9 14 0
275.625092 25.613983 15.936 1002.905 2001 9 14 6
278.437592 28.420994 18.137 999.641 2001 9 14 18
278.437592 29.122746 19.633 999.391 2001 9 15 0
279.140717 29.122746 19.980 1000.576 2001 9 15 6
279.140717 29.122746 20.645 1000.770 2001 9 15 12
281.250092 29.824499 22.630 1001.824 2001 9 15 18
282.656342 30.526251 22.812 1001.052 2001 9 16 0
283.359467 31.228004 23.387 1000.790 2001 9 16 6
284.062592 31.228004 20.441 1001.251 2001 9 16 12
286.875092 32.631508 21.123 1000.684 2001 9 16 18
288.281342 33.333263 18.647 1000.423 2001 9 17 0
start 15 2001 9 22 18 0123
293.203217 27.719240 14.879 1009.938 2001 9 22 18
293.203217 27.719240 14.628 1010.415 2001 9 23 0
292.500092 28.420994 10.163 1011.716 2001 9 23 6
291.796967 29.122746 10.081 1013.232 2001 9 23 12
293.203217 31.228004 14.578 1010.474 2001 9 23 18
292.500092 31.929756 13.674 1011.533 2001 9 24 0
293.203217 33.333263 10.971 1012.052 2001 9 24 6
293.906342 34.035015 11.500 1013.635 2001 9 24 12
294.609467 35.438519 14.446 1008.148 2001 9 24 18
295.312592 36.140270 12.345 1009.841 2001 9 25 0
296.015717 37.543777 12.202 1011.021 2001 9 25 6
296.718842 38.245529 11.727 1012.946 2001 9 25 12
297.421967 38.947281 10.767 1013.365 2001 9 25 18
298.125092 39.649033 10.803 1014.667 2001 9 26 0
299.531342 40.350784 12.673 1012.213 2001 9 26 6
start 29 2001 9 23 0 0124
258.046967 13.684184 10.480 1004.358 2001 9 23 0
258.046967 12.982431 10.862 1005.623 2001 9 23 6
258.046967 12.982431 10.588 1003.549 2001 9 23 12
258.046967 13.684184 11.287 1005.296 2001 9 23 18
258.046967 14.385937 13.367 1002.338 2001 9 24 0
256.640717 15.087690 15.642 1002.848 2001 9 24 6
256.640717 15.087690 16.657 999.948 2001 9 24 12
255.937592 15.789443 17.837 999.676 2001 9 24 18
254.531342 15.789443 19.945 996.394 2001 9 25 0
253.828217 15.789443 17.961 996.545 2001 9 25 6
253.828217 15.789443 20.185 993.158 2001 9 25 12
253.125092 16.491196 19.604 994.255 2001 9 25 18
251.718842 16.491196 19.859 992.024 2001 9 26 0
251.015717 16.491196 20.067 992.100 2001 9 26 6
251.015717 17.192949 20.638 991.181 2001 9 26 12
250.312592 17.894701 19.056 992.050 2001 9 26 18
249.609467 19.298208 20.809 990.932 2001 9 27 0
249.609467 19.999960 24.320 992.395 2001 9 27 6
248.906342 20.701714 23.006 990.656 2001 9 27 12
248.203217 21.403465 19.116 992.558 2001 9 27 18
248.906342 22.105219 20.974 989.214 2001 9 28 0
248.906342 22.806973 20.181 990.161 2001 9 28 6
248.203217 22.806973 18.708 990.616 2001 9 28 12
248.203217 23.508724 17.097 995.018 2001 9 28 18
248.203217 23.508724 16.366 994.041 2001 9 29 0
248.203217 23.508724 14.742 996.583 2001 9 29 6
247.500092 23.508724 13.549 996.390 2001 9 29 12
247.500092 23.508724 13.648 999.808 2001 9 29 18
247.500092 24.210478 15.349 998.370 2001 9 30 0